route_id,service_id,trip_id,trip_short_name,direction_id,shape_id,trip_headsign
42954,106261467011,232576,6623,0,,San Francisco
42954,106261467011,232579,6635,0,,San Francisco
42954,106261467011,232582,6649,0,,San Francisco
42954,106261467011,232585,6647,0,,San Francisco
84,306260117011,228761,536,1,59,Sacramento
42954,306560117011,232586,6679,0,,San Francisco
42954,306560117011,232588,6683,0,,San Francisco
42954,306560117011,232590,6691,0,,San Francisco
42954,106261467011,232594,6641,0,,San Francisco
42954,306560117011,232595,6693,0,,San Francisco
42954,106261467011,232599,6629,0,,San Francisco
42954,106261467011,232602,6631,0,,San Francisco
42954,306560117011,232603,6653,0,,San Francisco
42954,106261467011,232607,6625,0,,San Francisco
42954,106261467011,232610,6651,0,,San Francisco
42954,306560117011,232611,6695,0,,San Francisco
42954,306560117011,232613,6673,0,,San Francisco
42954,106560457011,232617,6687,0,,San Francisco
42954,306560117011,232619,6697,0,,San Francisco
42954,106261467011,232623,6639,0,,San Francisco
42954,106261467011,232626,6645,0,,San Francisco
42954,106261467011,232629,6621,0,,San Francisco
42954,106261467011,232632,6637,0,,San Francisco
42954,306560117011,232633,6677,0,,San Francisco
42954,106261467011,232637,6643,0,,San Francisco
42954,306560117011,232638,6699,0,,San Francisco
42951,312760117011,195509,301,1,256,St. Louis
42954,206260116142,232574,6623,0,,San Francisco
88,106460537011,210887,122,0,237,New York
42954,206260116142,232577,6635,0,,San Francisco
42954,206260116142,232580,6649,0,,San Francisco
42954,206260116142,232583,6647,0,,San Francisco
42954,103261456145,232587,6679,0,,San Francisco
42954,103261456145,232589,6683,0,,San Francisco
42954,103261456145,232591,6691,0,,San Francisco
42954,206260116142,232592,6641,0,,San Francisco
42954,103261456145,232596,6693,0,,San Francisco
42954,206260116142,232597,6629,0,,San Francisco
42954,206260116142,232600,6631,0,,San Francisco
42954,103261456145,232604,6653,0,,San Francisco
42954,206260116142,232605,6625,0,,San Francisco
42954,206260116142,232608,6651,0,,San Francisco
61,206260116135,231496,681,0,152,Brunswick
61,106261386285,231497,681,0,152,Brunswick
61,206260116135,231499,687,0,152,Brunswick
61,106261386285,231500,687,0,152,Brunswick
61,206260116135,231502,685,0,152,Brunswick
61,106261386285,231503,685,0,152,Brunswick
61,206260116135,231505,683,0,152,Brunswick
61,106261386285,231506,683,0,152,Brunswick
40751,206260116016,230767,2155,1,324,Washington
40751,106260206044,230769,2155,1,324,Washington
88,112460196043,219083,67,1,84,Newport News
40751,206260116016,230774,2193,1,,New York
40751,106260206044,230776,2193,1,,New York
40751,103260196019,210935,2222,0,328,New York
40751,106460256039,210936,2222,0,328,New York
40751,103260476047,210938,2222,0,328,New York
31849,112760267011,231552,7097,1,,Canadian Border
31849,112760267011,231556,7098,0,,Toronto
18650,312760117011,228224,5521,1,,Springfield
18650,312760117011,228229,5522,0,,Galesburg
88,106260487011,228897,171,1,344,Roanoke
31849,212760116016,231549,7097,1,,Canadian Border
31849,106560176025,231550,7097,1,,Canadian Border
31849,106260196023,231551,7097,1,,Canadian Border
31849,212760116016,231553,7098,0,,Toronto
31849,106560176025,231554,7098,0,,Toronto
31849,106260196023,231555,7098,0,,Toronto
61,106262867011,231559,682,1,153,Boston
61,106262867011,231562,684,1,153,Boston
88,206260116016,228893,171,1,344,Roanoke
88,106260206044,228895,171,1,344,Roanoke
42954,103261456145,232612,6695,0,,San Francisco
42954,103261456145,232614,6673,0,,San Francisco
40751,106460537011,210939,2222,0,328,New York
40751,106260487011,230707,2190,0,325,Boston
40751,106260487011,230714,2150,0,327,Boston
36921,312760117011,230717,284,1,280,New York
42954,206560116038,232615,6687,0,,San Francisco
42954,106460396039,232616,6687,0,,San Francisco
42954,103261456145,232618,6687,0,,San Francisco
42954,103261456145,232620,6697,0,,San Francisco
40751,106260487011,228786,2167,1,324,Washington
42954,206260116142,232621,6639,0,,San Francisco
40751,206260116016,230703,2190,0,325,Boston
40751,106260206044,230705,2190,0,325,Boston
40751,206260116016,230710,2150,0,327,Boston
40751,106260206044,230712,2150,0,327,Boston
42954,206260116142,232624,6645,0,,San Francisco
42954,206260116142,232627,6621,0,,San Francisco
88,106460537011,210986,104,0,237,New York
42954,206260116142,232630,6637,0,,San Francisco
42954,103261456145,232634,6677,0,,San Francisco
42954,206260116142,232635,6643,0,,San Francisco
42954,103261456145,232639,6699,0,,San Francisco
88,103260196019,210883,122,0,237,New York
88,106460256039,210884,122,0,237,New York
88,103260476047,210886,122,0,237,New York
40751,206260116016,228782,2167,1,324,Washington
40751,106260206044,228784,2167,1,324,Washington
42954,306560117011,232640,5006,1,,Emeryville
84,306260117011,231478,531,0,61,Oakland
40751,103260476047,230825,2265,1,324,Washington
84,306260117011,225189,541,0,61,Oakland
61,106562907011,231604,696,1,153,Boston
61,106562907011,231607,698,1,153,Boston
61,206560116137,231602,696,1,153,Boston
61,106561436284,231603,696,1,153,Boston
40751,106460537011,230835,2257,1,324,Washington
61,206560116137,231605,698,1,153,Boston
61,106561436284,231606,698,1,153,Boston
40751,103260196019,230831,2257,1,324,Washington
40751,106460256039,230832,2257,1,324,Washington
40751,103260476047,230834,2257,1,324,Washington
88,106260487011,228945,184,0,264,Boston
88,106260487011,228953,136,0,258,Springfield
88,106260487011,228961,94,0,341,Boston
88,106260487011,228969,148,0,258,Springfield
81,112760677011,200513,449,0,125,Chicago
42954,312760117011,228270,5717,0,,Bakersfield
40751,106460537011,230844,2292,0,325,Boston
36923,112460677011,223831,20,0,244,New York
36923,100360727011,223832,20,0,244,New York
88,206260116016,228941,184,0,264,Boston
88,106260206044,228943,184,0,264,Boston
88,206260116016,228949,136,0,258,Springfield
88,106260206044,228951,136,0,258,Springfield
88,206260116016,228957,94,0,341,Boston
88,106260206044,228959,94,0,341,Boston
88,206260116016,228965,148,0,258,Springfield
88,106260206044,228967,148,0,258,Springfield
42954,306560117011,232642,6678,1,,Emeryville
42954,306560117011,232644,6682,1,,Emeryville
42954,306560117011,232646,6686,1,,Emeryville
42954,306560117011,232648,6692,1,,Emeryville
42954,306560117011,232650,6674,1,,Emeryville
42954,106261467011,232654,6624,1,,Emeryville
42954,306560117011,232655,6688,1,,Emeryville
42954,106261467011,232659,6648,1,,Emeryville
42954,106261467011,232662,6628,1,,Emeryville
42954,106261467011,232665,6642,1,,Emeryville
42954,106261467011,232668,6640,1,,Emeryville
42954,306560117011,232669,6668,1,,Emeryville
42954,106261467011,232673,6626,1,,Emeryville
42954,106261467011,232676,6638,1,,Emeryville
42954,106261467011,232679,6632,1,,Emeryville
42954,306560117011,232680,6696,1,,Emeryville
42954,106261467011,232684,6636,1,,Emeryville
42954,106261467011,232687,6650,1,,Emeryville
42954,306560117011,232688,6684,1,,Emeryville
42954,106261467011,232692,6634,1,,Emeryville
42954,306560117011,232693,6698,1,,Emeryville
42954,106261467011,232697,6644,1,,Emeryville
42991,112760607011,219069,1333,0,338,St. Paul
42954,306560117011,232698,6670,1,,Emeryville
42954,106261467011,232702,6630,1,,Emeryville
42991,112760607011,219071,1340,1,337,Chicago
42991,212760116059,219068,1333,0,338,St. Paul
42954,103261456145,232641,5006,1,,Emeryville
42991,212760116059,219070,1340,1,337,Chicago
42954,103261456145,232643,6678,1,,Emeryville
42954,103261456145,232645,6682,1,,Emeryville
42954,103261456145,232647,6686,1,,Emeryville
36921,312760117011,230743,237,0,248,Rensselaer
40751,106260487011,230757,2162,0,327,Boston
42954,103261456145,232649,6692,1,,Emeryville
42954,103261456145,232651,6674,1,,Emeryville
42954,206260116142,232652,6624,1,,Emeryville
42954,103261456145,232656,6688,1,,Emeryville
42954,206260116142,232657,6648,1,,Emeryville
42954,206260116142,232660,6628,1,,Emeryville
42954,206260116142,232663,6642,1,,Emeryville
42954,206260116142,232666,6640,1,,Emeryville
42954,103261456145,232670,6668,1,,Emeryville
42954,206260116142,232671,6626,1,,Emeryville
42954,206260116142,232674,6638,1,,Emeryville
42954,206260116142,232677,6632,1,,Emeryville
42954,103261456145,232681,6696,1,,Emeryville
42954,206260116142,232682,6636,1,,Emeryville
42954,206260116142,232685,6650,1,,Emeryville
42954,103261456145,232689,6684,1,,Emeryville
42954,206260116142,232690,6634,1,,Emeryville
42954,103261456145,232694,6698,1,,Emeryville
42954,206260116142,232695,6644,1,,Emeryville
42954,103261456145,232699,6670,1,,Emeryville
42954,206260116142,232700,6630,1,,Emeryville
42896,112761467011,232705,5619,0,,Las Vegas
88,112460477011,219085,67,1,84,Newport News
42896,112761467011,232708,5612,1,,Santa Barbara
40751,206260116016,230753,2162,0,327,Boston
40751,106260206044,230755,2162,0,327,Boston
61,106262867011,231498,681,0,152,Brunswick
61,106262867011,231501,687,0,152,Brunswick
61,106262867011,231504,685,0,152,Brunswick
61,106262867011,231507,683,0,152,Brunswick
42896,212760116144,232703,5619,0,,Las Vegas
40751,106260487011,230771,2155,1,324,Washington
36926,312760117011,215611,318,0,377,Chicago
36948,312760117011,215614,311,0,255,Kansas City
42896,103261456145,232704,5619,0,,Las Vegas
42896,212760116144,232706,5612,1,,Santa Barbara
40751,106260487011,230778,2193,1,,New York
42896,103261456145,232707,5612,1,,Santa Barbara
88,106460537011,228855,154,0,264,Boston
61,206260116135,231557,682,1,153,Boston
61,106261386285,231558,682,1,153,Boston
88,103260196019,210982,104,0,237,New York
88,106460256039,210983,104,0,237,New York
88,103260476047,210985,104,0,237,New York
61,206260116135,231560,684,1,153,Boston
61,106261386285,231561,684,1,153,Boston
61,106262867011,231565,688,1,153,Boston
61,106562907011,231569,693,0,152,Brunswick
61,106562907011,231572,692,1,153,Boston
61,106562907011,231576,695,0,152,Brunswick
88,103260196019,228851,154,0,264,Boston
88,106460256039,228852,154,0,264,Boston
88,103260476047,228854,154,0,264,Boston
61,106562907011,231580,697,0,152,Brunswick
40751,300160117011,230796,2216,0,328,New York
42954,306260117011,203582,6093,0,,Newport News
61,106562907011,231584,691,0,152,Brunswick
61,106562907011,231587,694,1,153,Boston
61,106262867011,231590,686,1,153,Boston
42954,306260117011,203585,6094,0,,Norfolk
78,112760267011,232727,790,1,151,San Diego
42954,306260117011,203588,6095,1,,Virginia Beach
42954,306260117011,203594,6125,1,,Virginia Beach
42954,306260117011,203603,6186,0,,Newport News
42954,306260117011,203606,6193,1,,Virginia Beach
42954,306260117011,203612,6394,0,,Norfolk
40751,106460186018,230797,2216,0,328,New York
40751,106460466046,230798,2216,0,328,New York
78,212760116023,232725,790,1,151,San Diego
78,106560246025,232726,790,1,,Los Angeles
40751,106460537011,230826,2265,1,324,Washington
84,306260117011,225182,539,0,230,San Jose
61,206260116135,231563,688,1,153,Boston
61,106261386285,231564,688,1,153,Boston
61,206560116130,231566,693,0,152,Brunswick
61,106561366137,231567,693,0,152,Brunswick
61,106561436284,231568,693,0,152,Brunswick
61,206560116137,231570,692,1,153,Boston
61,106561436284,231571,692,1,153,Boston
61,206560116130,231573,695,0,152,Brunswick
61,106561366137,231574,695,0,152,Brunswick
61,106561436284,231575,695,0,152,Brunswick
61,206560116130,231577,697,0,152,Brunswick
61,106561366137,231578,697,0,152,Brunswick
61,106561436284,231579,697,0,152,Brunswick
61,206560116130,231581,691,0,152,Brunswick
61,106561366137,231582,691,0,152,Brunswick
42954,306560117011,228251,3911,0,,San Jose
42954,306260117011,228252,3911,0,,San Jose
36923,112760677011,223790,19,1,242,New Orleans
61,106561436284,231583,691,0,152,Brunswick
36948,312760117011,215634,316,1,257,St. Louis
61,206560116137,231585,694,1,153,Boston
42954,306260117011,203617,6438,0,,Norfolk
61,106561436284,231586,694,1,153,Boston
61,206260116135,231588,686,1,153,Boston
61,106261386285,231589,686,1,153,Boston
36923,212060116042,223785,19,1,135,Atlanta
36923,200760116065,223786,19,1,242,New Orleans
36923,106460466046,223787,19,1,242,New Orleans
36923,112060476063,223788,19,1,135,Atlanta
36923,100160666066,223789,19,1,242,New Orleans
40751,103260196019,230821,2265,1,324,Washington
40751,106460256025,230822,2265,1,324,Washington
40751,106460326039,230823,2265,1,324,Washington
79,212760116032,225234,72,1,107,Raleigh
84,306260117011,225250,521,0,230,San Jose
84,306260117011,225264,523,0,230,San Jose
41044,306560117011,219191,400,0,317,Greenfield
41042,306560117011,219199,405,1,318,New Haven
40751,106460537011,230859,2226,0,328,New York
40751,103260196019,230840,2292,0,325,Boston
40751,106460256039,230841,2292,0,325,Boston
40751,103260476047,230843,2292,0,325,Boston
40751,103260196019,230855,2226,0,328,New York
40751,106460256039,230856,2226,0,328,New York
40751,103260476047,230858,2226,0,328,New York
75,112761227011,231620,8,1,186,Chicago
81,212760116065,200511,449,0,125,Chicago
81,100160666066,200512,449,0,125,Chicago
36923,200360116065,223817,20,0,244,New York
36923,106460186018,223823,20,0,244,New York
36923,106060196043,223824,20,0,134,New York
36923,106460256039,223825,20,0,244,New York
36923,106460466046,223826,20,0,244,New York
36923,103260476047,223827,20,0,244,New York
36923,106060486064,223828,20,0,134,New York
36923,106460536060,223829,20,0,244,New York
36923,100160666066,223830,20,0,244,New York
84,306260117011,225224,551,0,61,Oakland
84,306260117011,225231,547,0,230,San Jose
75,212760116064,231616,8,1,186,Chicago
75,100260656065,231617,8,1,186,Chicago
75,112760676121,231619,8,1,186,Chicago
68,312760117011,215653,64,1,198,New York
79,112760337011,225235,72,1,107,Raleigh
41044,103260196019,219194,400,0,317,Greenfield
41044,103260476047,219195,400,0,317,Greenfield
41042,103260196019,219202,405,1,318,New Haven
41042,103260476047,219203,405,1,318,New Haven
40751,106560527011,230914,2254,0,327,Boston
40751,106560527011,230921,2253,1,324,Washington
40751,106460537011,230942,2263,1,324,Washington
40751,106460537011,230950,2262,0,327,Boston
42985,306460117011,185787,9484,0,,Baltimore
42954,312760117011,200553,6292,0,,Jacksonville
40751,103260476047,230913,2254,0,327,Boston
40751,103260476047,230920,2253,1,324,Washington
42985,306460117011,185795,9488,0,,Baltimore
84,306260117011,225280,522,1,59,Sacramento
84,306260117011,225287,524,1,64,Sacramento
40751,103260476047,230941,2263,1,324,Washington
84,306260117011,225295,526,1,59,Sacramento
40751,103260476047,230949,2262,0,327,Boston
88,106260206044,230988,177,1,355,Philadelphia
88,106260486072,230990,177,1,355,Philadelphia
84,306260117011,225355,542,1,64,Sacramento
42956,306260117011,203847,364,1,171,Port Huron
88,206260116016,231001,178,0,343,Boston
42956,306560117011,203848,364,1,171,Port Huron
42956,306260117011,203853,365,0,172,Chicago
42956,306560117011,203854,365,0,172,Chicago
88,106260206044,231003,178,0,343,Boston
88,106260486072,231005,178,0,343,Boston
88,200160116073,231008,168,0,264,Boston
88,106460186018,231009,168,0,264,Boston
42948,306260117011,185952,9700,1,,Old Saybrook
42948,306260117011,185953,9704,1,,Old Saybrook
42948,306260117011,185954,9706,1,,Old Saybrook
42948,306260117011,185955,9755,0,,New Haven
88,106460466046,231010,168,0,264,Boston
40751,200160116073,231013,2218,0,328,New York
42948,306260117011,185956,9757,0,,New Haven
42948,306260117011,185957,9759,0,,New Haven
42948,306560117011,185958,9790,1,,Old Saybrook
40751,106460186018,231014,2218,0,328,New York
40751,106460466046,231015,2218,0,328,New York
41042,106460537011,232992,416,0,319,Springfield
40751,206260116016,231031,2126,0,328,New York
40751,106260206072,231033,2126,0,328,New York
33820,108460697011,189439,8601,1,,Maricopa
41042,103260196019,232988,416,0,319,Springfield
41042,106460256039,232989,416,0,319,Springfield
88,206260116016,231038,190,0,356,Boston
88,106260206044,231040,190,0,356,Boston
88,106260486072,231042,190,0,356,Boston
41042,103260476047,232991,416,0,319,Springfield
40751,106260487011,229164,2172,0,327,Boston
33820,208460116067,189438,8601,1,,Maricopa
40751,106260487011,229173,2169,1,324,Washington
88,206260116016,231056,197,1,267,Washington
88,106260206044,231058,197,1,267,Washington
75,112761227011,231709,7,0,184,Seattle
84,306260117011,225320,532,1,59,Sacramento
88,206260116016,230962,183,1,267,Washington
88,106260206044,230964,183,1,267,Washington
88,106260486072,230966,183,1,267,Washington
42985,306460117011,211081,9694,0,,Martin Airport
75,212760116064,231705,7,0,184,Seattle
75,100260656065,231706,7,0,184,Seattle
75,112760676121,231708,7,0,184,Seattle
42958,312760117011,223888,6089,1,,Swansboro
36921,312760117011,214747,283,0,279,Niagara Falls
36921,312760117011,214750,233,0,248,Rensselaer
42948,306260117011,185910,9633,0,,Stamford
42985,306260117011,185917,9638,1,,Old Saybrook
88,100160807011,230981,152,0,264,Boston
88,106260757011,230991,177,1,355,Philadelphia
88,106260757011,231006,178,0,343,Boston
88,100160807011,231011,168,0,264,Boston
40751,100160807011,231016,2218,0,328,New York
40751,106260757011,231034,2126,0,328,New York
88,106260757011,231043,190,0,356,Boston
42985,306260117011,185930,9654,0,,Perryville
79,112760337011,228364,73,0,108,Charlotte
84,306260117011,225341,538,1,63,Auburn
88,106260757011,231061,197,1,267,Washington
88,100160807011,231068,167,1,355,Philadelphia
42985,306460117011,185933,9677,1,,Washington
42985,306460117011,185935,9681,1,,Washington
42985,306460117011,185936,9683,1,,Washington
79,212760116032,228363,73,0,108,Charlotte
36921,312760117011,214756,241,0,248,Rensselaer
88,200160116045,230977,152,0,264,Boston
88,106460186018,230978,152,0,264,Boston
88,106460466046,230979,152,0,264,Boston
88,100160526073,230980,152,0,264,Boston
88,206260116016,230986,177,1,355,Philadelphia
42985,306460117011,185804,9493,1,,Washington
88,106260487011,230959,172,0,264,Boston
42985,306460117011,211069,9478,0,,Baltimore
42985,306460117011,211073,9485,1,,Washington
42985,306460117011,211074,9486,0,,Baltimore
84,306260117011,225306,530,1,64,Sacramento
84,306260117011,225313,528,1,64,Sacramento
42985,306460117011,211078,9692,0,,Martin Airport
18650,312760117011,223870,8359,1,,Carbondale
18650,312760117011,223876,8358,0,,St. Louis
88,206260116016,230955,172,0,264,Boston
88,106260206044,230957,172,0,264,Boston
36921,312760117011,187864,281,0,279,Niagara Falls
68,312760117011,187868,63,0,350,Toronto
60,312760117011,188910,509,1,293,Portland
88,106260757011,230967,183,1,267,Washington
42985,306260117011,185852,9534,0,,Perryville
84,306560117011,225378,727,0,230,San Jose
80,306260117011,214778,352,1,52,Pontiac
80,306560117011,214779,352,1,52,Pontiac
85,205760116031,233025,80,0,177,New York
85,207060116032,233026,80,0,177,New York
85,105760336047,233027,80,0,177,New York
85,107060366046,233028,80,0,177,New York
85,105760486066,233029,80,0,177,New York
85,107060506067,233030,80,0,177,New York
85,105760686097,233031,80,0,177,New York
85,107060716095,233032,80,0,177,New York
88,106260487011,211214,185,1,267,Washington
88,100160527011,231780,194,0,264,Boston
88,100160317011,231786,82,0,264,Boston
40751,106460537011,231087,2224,0,328,New York
88,100160527011,231094,106,0,237,New York
88,106460537011,231102,132,0,264,Boston
78,112760267011,233039,586,1,101,San Diego
88,100160176024,231776,194,0,264,Boston
88,106460186018,231777,194,0,264,Boston
88,100160316045,231778,194,0,264,Boston
88,106460466046,231779,194,0,264,Boston
88,100160176024,231784,82,0,264,Boston
88,106460186018,231785,82,0,264,Boston
88,106460466046,231787,82,0,264,Boston
78,112760267011,233044,770,1,151,San Diego
78,212760116023,233037,586,1,101,San Diego
78,212760116023,233042,770,1,151,San Diego
78,106560246025,233043,770,1,,Los Angeles
40751,103260476047,231086,2224,0,328,New York
88,206560116024,231089,106,0,237,New York
88,100160316045,231092,106,0,237,New York
88,206260116016,211210,185,1,267,Washington
88,106260206044,211212,185,1,267,Washington
88,103260476047,231093,106,0,237,New York
40751,106260487011,229251,2152,0,327,Boston
88,103260196019,231098,132,0,264,Boston
88,106460256039,231099,132,0,264,Boston
88,103260476047,231101,132,0,264,Boston
36921,312760117011,232995,238,1,245,New York
88,106560317011,231743,165,1,260,Washington
88,106560457011,231771,150,0,356,Boston
36921,312760117011,232998,235,0,248,Rensselaer
88,106260486072,231060,197,1,267,Washington
88,106560176024,231064,167,1,355,Philadelphia
88,100160316045,231065,167,1,355,Philadelphia
42912,112760747011,189442,8004,1,,Kingman
33820,103760687011,189445,8602,1,,Maricopa
33820,108460697011,189454,8901,0,,Phoenix
33820,103760687011,189457,8902,0,,Phoenix
42912,212760116073,189441,8004,1,,Kingman
33820,203760116066,189444,8602,1,,Maricopa
33820,208460116067,189453,8901,0,,Phoenix
33820,203760116066,189456,8902,0,,Phoenix
85,105760987011,233033,80,0,177,New York
84,306260117011,225369,548,1,59,Sacramento
88,106460466046,231066,167,1,355,Philadelphia
88,206560116025,231741,165,1,260,Washington
88,103260196019,231742,165,1,260,Washington
88,103260476047,231744,165,1,260,Washington
85,107060997011,233034,80,0,177,New York
88,100160526073,231067,167,1,355,Philadelphia
84,306260117011,225373,550,1,64,Sacramento
40751,100260517011,231073,2174,0,327,Boston
88,106560176025,231767,150,0,356,Boston
88,103260196019,231768,150,0,356,Boston
88,106560316038,231769,150,0,356,Boston
88,206260116016,223932,181,1,267,Washington
88,106260206044,223934,181,1,267,Washington
88,106460396039,231770,150,0,356,Boston
88,103260476047,231772,150,0,356,Boston
84,306560117011,225375,723,0,230,San Jose
88,106260487011,223936,181,1,267,Washington
42947,212660116019,231922,98,0,113,New York
42947,100160176017,231923,98,0,113,New York
42947,112660206097,231924,98,0,113,New York
42947,100160246059,231925,98,0,113,New York
42947,100160666066,231926,98,0,113,New York
42947,100160736094,231927,98,0,113,New York
84,306560117011,225414,751,0,61,Oakland
42994,112760987011,231942,41,1,384,Miami
42954,212760116066,189733,6049,0,,East Lansing
42954,106460676067,189734,6049,0,,East Lansing
42954,112760687011,189735,6049,0,,East Lansing
43,112760687011,189755,8721,0,,Fort Cavazos
43,112760687011,189758,8722,0,,Fort Cavazos
43,112760687011,189761,8821,1,,Temple
43,112760687011,189764,8822,1,,Temple
84,306560117011,225420,720,1,59,Sacramento
84,306560117011,225423,724,1,64,Sacramento
95,312760117011,204188,68,1,3,New York
42994,212760116017,231937,41,1,384,Miami
42994,112760186064,231938,41,1,384,Miami
42994,100260656065,231939,41,1,384,Miami
42994,112760676097,231941,41,1,384,Miami
88,106260487011,224042,86,0,90,Boston
88,106460537011,215063,145,1,340,Roanoke
43,212760116066,189753,8721,0,,Fort Cavazos
43,106460676067,189754,8721,0,,Fort Cavazos
43,212760116066,189756,8722,0,,Fort Cavazos
43,106460676067,189757,8722,0,,Fort Cavazos
43,212760116066,189759,8821,1,,Temple
43,106460676067,189760,8821,1,,Temple
43,212760116066,189762,8822,1,,Temple
43,106460676067,189763,8822,1,,Temple
88,206260116016,224038,86,0,90,Boston
88,106260206044,224040,86,0,90,Boston
23565,212760116066,189771,7103,0,,Los Alamos
23565,106460676067,189772,7103,0,,Los Alamos
23565,212760116066,189774,7104,1,,Lamy
23565,106460676067,189775,7104,1,,Lamy
23565,212760116066,189777,7203,1,,Lamy
23565,106460676067,189778,7203,1,,Lamy
23565,212760116066,189780,7204,0,,Los Alamos
23565,106460676067,189781,7204,0,,Los Alamos
84,306560117011,225426,728,1,64,Sacramento
23565,112760687011,189773,7103,0,,Los Alamos
23565,112760687011,189776,7104,1,,Lamy
23565,112760687011,189779,7203,1,,Lamy
23565,112760687011,189782,7204,0,,Los Alamos
84,306560117011,225429,732,1,59,Sacramento
40751,106460257011,229316,2295,1,,New York
40751,106460257011,229325,2274,0,327,Boston
40751,106260207011,229328,2109,1,326,Washington
40751,106460257011,229332,2228,0,328,New York
40751,103260196019,229315,2295,1,,New York
78,112760267011,233124,580,1,101,San Diego
88,106260487011,211386,173,1,260,Washington
42954,112760687011,200717,6097,1,,Fort Myers
88,106260487011,211281,131,1,267,Washington
84,306560117011,225402,743,0,61,Oakland
84,306560117011,225405,741,0,230,San Jose
42994,112760987011,231901,40,0,385,Chicago
88,103260196019,214912,121,1,267,Washington
88,106460256039,214913,121,1,267,Washington
88,103260476047,214915,121,1,267,Washington
42947,112660987011,231928,98,0,113,New York
42947,100161017011,231929,98,0,113,New York
88,206260116016,211277,131,1,267,Washington
88,106260206044,211279,131,1,267,Washington
84,306560117011,225408,745,0,230,San Jose
42994,212760116019,231896,40,0,385,Chicago
42994,112760206064,231897,40,0,385,Chicago
42994,100260656065,231898,40,0,385,Chicago
42994,112760676097,231900,40,0,385,Chicago
88,103260196019,215059,145,1,340,Roanoke
88,106460256039,215060,145,1,340,Roanoke
88,103260476047,215062,145,1,340,Roanoke
78,212760116023,233122,580,1,101,San Diego
40751,103260196019,229324,2274,0,327,Boston
40751,206260116016,229326,2109,1,326,Washington
78,212760116023,233128,577,0,102,Los Angeles
40751,103260196019,229331,2228,0,328,New York
40751,106260487011,231184,2159,1,324,Washington
88,206260116016,211382,173,1,260,Washington
88,106260206044,211384,173,1,260,Washington
40751,206260116016,231180,2159,1,324,Washington
40751,106260207011,229342,2192,0,325,Boston
40751,106260206044,231182,2159,1,324,Washington
36921,106260487011,208261,243,0,248,Rensselaer
41042,106260487011,208287,417,1,318,New Haven
40751,206260116016,229340,2192,0,325,Boston
36921,206260116016,208257,243,0,248,Rensselaer
36921,106260206044,208259,243,0,248,Rensselaer
41042,206260116016,208283,417,1,318,New Haven
41042,106260206044,208285,417,1,318,New Haven
78,112760267011,233049,765,0,148,San Luis Obispo
42954,112760687011,200707,6091,1,,Fort Myers
41044,106260487011,219320,478,0,,Springfield
78,112760267011,233062,761,0,149,Goleta
78,112760267011,233067,785,0,149,Goleta
42954,106261467011,233011,6627,0,,San Francisco
42954,112760687011,200712,6291,1,,Lakeland
42954,206260116142,233009,6627,0,,San Francisco
41044,206260116016,219316,478,0,,Springfield
41044,106260206044,219318,478,0,,Springfield
78,212760116023,233047,765,0,149,Goleta
78,106560246025,233048,765,0,,Goleta
42954,212760116066,200705,6091,1,,Fort Myers
42954,106460676067,200706,6091,1,,Fort Myers
42954,212760116066,200710,6291,1,,Lakeland
42954,106460676067,200711,6291,1,,Lakeland
78,212760116023,233060,761,0,148,San Luis Obispo
78,106560246025,233061,761,0,150,San Luis Obispo
78,212760116023,233065,785,0,149,Goleta
78,106560246025,233066,785,0,,Goleta
42954,212760116066,200715,6097,1,,Fort Myers
40751,106260487011,229270,2173,1,324,Washington
42954,106460676067,200716,6097,1,,Fort Myers
88,106460537011,214916,121,1,267,Washington
61,106262867011,233237,689,0,152,Brunswick
61,106562907011,233284,699,0,152,Brunswick
84,306560117011,225494,742,1,59,Sacramento
84,106560457011,231236,734,1,64,Sacramento
42954,312760117011,222172,5811,0,,Bakersfield
75,100160666066,229370,1008,1,186,Chicago
42994,100160666066,229375,1040,0,385,Chicago
42994,100160666066,229380,1041,1,384,Miami
84,206560116038,231234,734,1,64,Sacramento
75,100160666066,229386,1027,0,241,Portland
51,100160666066,229391,1004,1,118,Chicago
75,100160666066,229402,1007,0,184,Seattle
84,106460396039,231235,734,1,64,Sacramento
84,106560457011,231240,746,1,64,Sacramento
88,106260487011,220092,129,1,267,Washington
61,103060766091,233217,689,0,152,Brunswick
61,104860966097,233221,689,0,152,Brunswick
61,106260996106,233222,689,0,152,Brunswick
61,104861106111,233224,689,0,152,Brunswick
61,106261136127,233225,689,0,152,Brunswick
61,106261316135,233227,689,0,152,Brunswick
75,100160666066,229411,1028,1,243,Chicago
94,106260487011,208436,601,0,25,Harrisburg
84,306560117011,225497,744,1,63,Auburn
61,106261386155,233228,689,0,152,Brunswick
96,100160666066,229422,1006,1,174,Chicago
84,206560116038,231238,746,1,64,Sacramento
84,106460396039,231239,746,1,64,Sacramento
96,100160666066,229427,1005,0,173,Emeryville
61,105661596161,233230,689,0,152,Brunswick
61,106261636184,233231,689,0,152,Brunswick
61,101461896197,233233,689,0,152,Brunswick
61,105262016204,233235,689,0,152,Brunswick
41042,106260206044,208345,475,1,318,New Haven
54,306260117011,205030,329,0,19,Milwaukee
41044,206260116016,208363,479,1,315,New Haven
41044,106260206044,208365,479,1,315,New Haven
88,106460186018,211502,65,1,84,Newport News
88,106460466046,211503,65,1,84,Newport News
41042,206260116016,208374,490,0,319,Springfield
41042,106260206044,208376,490,0,319,Springfield
41044,206260116016,208384,494,0,316,Greenfield
41044,106260206044,208386,494,0,316,Greenfield
51,100160666066,229361,1003,0,270,Los Angeles
42954,312760117011,222143,5715,0,,Bakersfield
42954,312760117011,222145,5815,0,,Bakersfield
42954,312760117011,222147,5813,0,,Bakersfield
41044,206260116016,208394,495,1,,New Haven
41044,106260206044,208396,495,1,,New Haven
42954,312760117011,222163,5817,0,,Bakersfield
84,106560457011,231232,747,0,230,San Jose
84,306560117011,225491,738,1,64,Sacramento
41044,206260116016,208412,486,0,316,Greenfield
41044,106260206044,208414,486,0,316,Greenfield
61,106260166023,233206,689,0,152,Brunswick
61,106260276042,233208,689,0,152,Brunswick
84,206560116038,231230,747,0,230,San Jose
84,106460396039,231231,747,0,230,San Jose
61,106260476055,233210,689,0,152,Brunswick
61,106260576063,233212,689,0,152,Brunswick
61,105460656071,233214,689,0,152,Brunswick
41042,106260487011,208306,470,0,319,Springfield
41042,106260487011,208317,473,1,318,New Haven
41042,106260487011,208327,474,0,319,Springfield
41044,106260487011,208337,425,1,320,Springfield
42951,312760117011,220046,306,0,254,Chicago
88,106260487011,211430,137,1,260,Washington
88,106260487011,211456,193,1,267,Washington
41042,206260116016,208302,470,0,319,Springfield
41042,106260206044,208304,470,0,319,Springfield
41042,206260116016,208313,473,1,318,New Haven
41042,106260206044,208315,473,1,318,New Haven
88,300360117011,211500,65,1,84,Newport News
41042,206260116016,208323,474,0,319,Springfield
41042,106260206044,208325,474,0,319,Springfield
41044,206260116016,208333,425,1,320,Springfield
41044,106260206044,208335,425,1,320,Springfield
84,106560457011,231220,729,0,357,San Jose
84,106560457011,231224,733,0,230,San Jose
41042,106260487011,208347,475,1,318,New Haven
41044,106260487011,208367,479,1,315,New Haven
41042,106260487011,208378,490,0,319,Springfield
41044,106260487011,208388,494,0,316,Greenfield
41044,106260487011,208398,495,1,,New Haven
41044,106260487011,208416,486,0,316,Greenfield
88,206260116016,211426,137,1,260,Washington
88,106260206044,211428,137,1,260,Washington
88,206260116016,211452,193,1,267,Washington
88,106260206044,211454,193,1,267,Washington
84,206560116038,231218,729,0,357,San Jose
84,106460396039,231219,729,0,357,San Jose
84,206560116038,231222,733,0,230,San Jose
42954,312760117011,222141,5713,0,,Bakersfield
84,106460396039,231223,733,0,230,San Jose
41042,206260116016,208343,475,1,318,New Haven
40751,106260487011,232072,2107,1,326,Washington
40751,106260487011,232079,2108,0,328,New York
42954,312760117011,229482,6318,1,,Martinez
42954,312760117011,229485,6316,1,,Martinez
40751,206260116016,232068,2107,1,326,Washington
40751,106260206044,232070,2107,1,326,Washington
40751,206260116016,232075,2108,0,328,New York
40751,106260206044,232077,2108,0,328,New York
40751,106260487011,232086,2153,1,324,Washington
42954,312760117011,222208,5712,1,,Los Angeles
42954,312760117011,222210,5714,1,,Los Angeles
42954,312760117011,222212,5812,1,,Los Angeles
42954,312760117011,222275,3815,0,,Davis
94,106260487011,208526,639,0,24,Philadelphia
61,103260266026,233286,1689,0,152,Brunswick
61,107160436046,233287,1689,0,152,Brunswick
61,100860566056,233288,1689,0,152,Brunswick
61,100460646064,233289,1689,0,152,Brunswick
40751,206260116016,232082,2153,1,324,Washington
40751,106260206044,232084,2153,1,324,Washington
61,104260706075,233290,1689,0,152,Brunswick
61,109660816089,233291,1689,0,152,Brunswick
61,101560926098,233293,1689,0,152,Brunswick
61,107461076112,233296,1689,0,152,Brunswick
61,100361286129,233299,1689,0,152,Brunswick
61,100761566162,233302,1689,0,152,Brunswick
61,104861876195,233305,1689,0,152,Brunswick
42954,312760117011,222325,3817,0,,Davis
61,101161986206,233308,1689,0,152,Brunswick
42954,312760117011,213577,4769,0,,Oakland
42954,312760117011,213580,4770,1,,Santa Barbara
42954,312760117011,232092,5910,1,,Santa Monica
42954,312760117011,213586,4785,0,,Oakland
88,106260487011,225524,174,0,264,Boston
42954,312760117011,222216,5716,1,,Los Angeles
88,206260116016,225520,174,0,264,Boston
88,106260206044,225522,174,0,264,Boston
42954,312760117011,232094,5412,1,,San Bernardino
42954,312760117011,232096,5402,1,,San Bernardino
40751,106260487011,231271,2151,1,324,Washington
40751,106260487011,231279,2168,0,327,Boston
88,100160247011,225541,107,1,267,Washington
40751,106260487011,229504,2154,0,327,Boston
88,206560116018,225538,107,1,267,Washington
94,100261567011,233344,624,1,21,New York
88,106260487011,219572,111,1,267,Washington
40751,106260487011,220175,2122,0,328,New York
94,100260796093,233340,624,1,21,New York
94,100261006149,233343,624,1,21,New York
88,206260116016,219568,111,1,267,Washington
88,106260206044,219570,111,1,267,Washington
40751,206260116016,220171,2122,0,328,New York
42954,312760117011,222248,3865,0,,Stockton
40751,106260206044,220173,2122,0,328,New York
94,106460537011,233355,637,0,24,Philadelphia
94,100160807011,233356,637,0,24,Philadelphia
94,106060207011,233361,622,1,22,Philadelphia
40751,106260487011,231308,2117,1,326,Washington
40751,106260487011,231316,2104,0,328,New York
40751,106260487011,231325,2121,1,326,Washington
94,206460116039,233351,637,0,24,Philadelphia
42954,312760117011,225596,6098,0,,Orlando
94,103260196019,233352,637,0,24,Philadelphia
94,103260476047,233354,637,0,24,Philadelphia
94,100260166072,233359,622,1,22,Philadelphia
42985,300160117011,222461,9675,1,,Washington
40751,106260487011,219587,2166,0,327,Boston
42954,312760117011,222463,3602,0,,Sacramento
40751,206260116016,231304,2117,1,326,Washington
40751,106260206044,231306,2117,1,326,Washington
40751,206260116016,231312,2104,0,328,New York
40751,106260206044,231314,2104,0,328,New York
40751,206260116016,231321,2121,1,326,Washington
40751,106260206044,231323,2121,1,326,Washington
42954,106560187011,232147,6128,0,,Norfolk
78,112760267011,232152,562,1,101,San Diego
40751,206260116016,219583,2166,0,327,Boston
40751,106260206044,219585,2166,0,327,Boston
42985,300160117011,222468,9685,1,,Washington
61,106262086285,233236,689,0,152,Brunswick
84,106560457011,231245,748,1,64,Sacramento
88,206260116016,220088,129,1,267,Washington
88,106260206044,220090,129,1,267,Washington
84,206560116038,231243,748,1,64,Sacramento
84,106460396039,231244,748,1,64,Sacramento
61,206560116039,233266,699,0,152,Brunswick
61,106560526080,233268,699,0,152,Brunswick
94,206260116016,208432,601,0,25,Harrisburg
94,106260206044,208434,601,0,25,Harrisburg
84,106460396039,231246,750,1,,Sacramento
61,100160876087,233270,699,0,152,Brunswick
42954,312760117011,222190,5802,1,,Los Angeles
42954,312760117011,222192,5810,1,,Los Angeles
42954,312760117011,222194,5702,1,,Los Angeles
42954,312760117011,222196,5710,1,,Los Angeles
61,106560956108,233272,699,0,152,Brunswick
61,106561156123,233274,699,0,152,Brunswick
61,106461306130,233276,699,0,152,Brunswick
61,106561366137,233277,699,0,152,Brunswick
61,106561436151,233278,699,0,152,Brunswick
61,106561586193,233280,699,0,152,Brunswick
61,106462006200,233282,699,0,152,Brunswick
61,106562076284,233283,699,0,152,Brunswick
88,103260476047,225543,107,1,267,Washington
88,106260487011,233321,119,1,267,Washington
42954,106560177011,232104,6156,1,,Virginia Beach
42954,106560177011,232105,6155,1,,Newport News
40751,206260116016,231275,2168,0,327,Boston
40751,106260206044,231277,2168,0,327,Boston
94,206260116016,208522,639,0,24,Philadelphia
58,102160697011,225558,50,1,187,New York
88,201460116016,233317,119,1,267,Washington
88,106260206044,233319,119,1,267,Washington
94,106260206044,208524,639,0,24,Philadelphia
79,112760337011,233325,75,0,108,Charlotte
58,202160116064,225556,50,1,187,New York
58,100160666066,225557,50,1,187,New York
79,212760116032,233324,75,0,108,Charlotte
88,106260487011,220136,130,0,237,New York
88,206260116016,220132,130,0,237,New York
88,106260206044,220134,130,0,237,New York
40751,106260487011,231288,2163,1,324,Washington
42954,312760117011,194956,5014,1,,Emeryville
42954,312760117011,222240,3811,0,,Davis
40751,206260116016,231284,2163,1,324,Washington
40751,106260206044,231286,2163,1,324,Washington
42954,312760117011,222246,3813,0,,Davis
84,306260117011,231294,544,1,64,Sacramento
42954,100160176017,232146,6128,0,,Norfolk
78,212760116023,232150,562,1,101,San Diego
58,107460707011,225602,51,0,188,Chicago
40751,106460327011,231344,2256,0,327,Boston
58,207460116067,225601,51,0,188,Chicago
42954,112760687011,219590,5011,0,,San Francisco
78,112760267011,232157,572,1,101,San Diego
78,112760267011,232162,564,1,101,San Diego
78,112760267011,232178,566,1,101,San Diego
42954,212760116066,219588,5011,0,,San Francisco
42954,106460676067,219589,5011,0,,San Francisco
84,306260117011,225609,545,0,61,Oakland
40751,103260196019,231342,2256,0,327,Boston
40751,106460256025,231343,2256,0,327,Boston
78,212760116023,232155,572,1,101,San Diego
78,212760116023,232160,564,1,101,San Diego
78,212760116023,232176,566,1,101,San Diego
94,106461027011,233378,674,1,21,New York
94,100161577011,233379,674,1,21,New York
42985,300160117011,222474,9494,0,,Baltimore
42985,306560117011,222476,9491,1,,Washington
42985,306560117011,222490,9495,1,,Washington
42985,300160117011,222492,9497,1,,Washington
42985,300160117011,222514,9696,0,,Martin Airport
42985,300160117011,222516,9698,0,,Martin Airport
94,206560116025,233373,674,1,21,New York
94,103260196019,233374,674,1,21,New York
94,106560316088,233375,674,1,21,New York
42985,300160117011,222534,9688,0,,Martin Airport
94,103260476047,233376,674,1,21,New York
94,100160946150,233377,674,1,21,New York
42985,306560117011,222568,9487,1,,Washington
42985,306560117011,222570,9490,0,,Baltimore
42985,300160117011,222572,9476,0,,Baltimore
42985,300160117011,222574,9480,0,,Baltimore
42985,306560117011,222576,9482,0,,Baltimore
42985,300160117011,222578,9492,0,,Baltimore
42985,300160117011,222580,9499,1,,Washington
42985,300160117011,222582,9689,1,,Washington
42954,312760117011,222585,3717,0,,Chico
42985,300160117011,222590,9481,1,,Washington
42954,112760267011,232356,4782,1,,Santa Barbara
42954,112760267011,232358,4790,1,,Santa Barbara
42946,112760677011,215998,58,0,74,Chicago
42954,212760116025,232357,4790,1,,Santa Barbara
41080,312760117011,222675,3761,0,,Redding
42946,212760116065,215996,58,0,74,Chicago
42946,100160666066,215997,58,0,74,Chicago
40751,106460537011,231443,2247,1,324,Washington
84,306260117011,225639,543,0,230,San Jose
42954,312760117011,231414,3524,1,,Reno
42954,312760117011,231417,3549,0,,Sacramento
40751,103260476047,231442,2247,1,324,Washington
40751,106560527011,231399,2259,1,324,Washington
40751,200160116045,231394,2259,1,324,Washington
40751,206460116039,231395,2259,1,324,Washington
40751,103260196019,231396,2259,1,324,Washington
40751,103260476047,231398,2259,1,324,Washington
36924,112760677011,232416,11,1,314,Los Angeles
72,312760117011,225649,381,0,69,Quincy
88,106560957011,233407,124,0,,Philadelphia
36924,212760116065,232414,11,1,314,Los Angeles
87,112760677011,220255,21,0,272,San Antonio
78,112760267011,232348,782,1,151,San Diego
78,112760267011,232349,584,1,101,San Diego
63,312760117011,225626,391,1,110,Carbondale
63,312760117011,225632,390,0,109,Chicago
42954,112760267011,232351,4761,0,,Oakland
87,212760116065,220253,21,0,272,San Antonio
87,100160666066,220254,21,0,272,San Antonio
78,112760267011,232352,567,0,102,Los Angeles
78,112760267011,232353,588,1,101,San Diego
42954,212760116025,232350,4761,0,,Oakland
41044,106260487011,208788,471,1,,New Haven
42954,112760267011,232355,4765,0,,Oakland
41044,206260116016,208784,471,1,,New Haven
41044,106260206044,208786,471,1,,New Haven
42985,300260117011,222615,9589,1,,Washington
42985,300260117011,222622,9453,1,,Washington
42954,212760116025,232354,4765,0,,Oakland
36924,100160666066,232415,11,1,314,Los Angeles
88,206560116094,233404,124,0,,Philadelphia
88,103260196019,233405,124,0,,Philadelphia
88,103260476047,233406,124,0,,Philadelphia
36924,112760677011,232421,14,0,313,Seattle
78,112760267011,232226,769,0,149,Goleta
36924,212760116065,232419,14,0,313,Seattle
36924,100160666066,232420,14,0,313,Seattle
54,312760117011,224557,335,0,19,Milwaukee
54,312760117011,224561,338,1,20,Chicago
42985,300260117011,222774,9452,0,,Baltimore
78,212760116023,232224,769,0,149,Goleta
78,106560246025,232225,769,0,,Goleta
42954,112760267011,232376,4794,1,,San Luis Obispo
78,112760267011,232428,794,1,146,San Diego
78,112760267011,232434,774,1,146,San Diego
78,112760267011,232231,581,0,102,Los Angeles
78,112760267011,232236,587,0,102,Los Angeles
78,112760267011,232246,573,0,102,Los Angeles
42954,212760116025,232375,4794,1,,San Luis Obispo
78,212760116023,232426,794,1,146,San Diego
78,106560246025,232427,794,1,147,Los Angeles
78,212760116023,232432,774,1,146,San Diego
94,106561577011,229846,665,0,23,Harrisburg
78,212760116023,232229,581,0,102,Los Angeles
78,212760116023,232234,587,0,102,Los Angeles
78,212760116023,232244,573,0,102,Los Angeles
78,106560246025,232433,774,1,147,Los Angeles
78,212760116023,232438,779,0,148,San Luis Obispo
78,106560246025,232439,779,0,150,San Luis Obispo
88,106260967011,233413,186,0,,Philadelphia
88,312760117011,233414,66,0,343,Boston
78,112760267011,232251,591,0,102,Los Angeles
78,112760267011,232262,595,0,102,Los Angeles
42954,312760117011,232443,3514,1,,Salinas
94,206560116025,229842,665,0,23,Harrisburg
94,103260196019,229843,665,0,23,Harrisburg
94,106560316151,229844,665,0,23,Harrisburg
94,103260476047,229845,665,0,23,Harrisburg
42954,312760117011,232446,3614,0,,Carmel
42954,112760687011,232451,3511,1,,Salinas
42954,112760687011,232456,3611,0,,Carmel
88,206260116016,233408,186,0,,Philadelphia
88,106260206044,233410,186,0,,Philadelphia
78,212760116023,232249,591,0,102,Los Angeles
60,312760117011,216087,506,0,290,Seattle
78,212760116023,232260,595,0,102,Los Angeles
42954,212760116066,232449,3511,1,,Salinas
42954,106460676067,232450,3511,1,,Salinas
42954,212760116066,232454,3611,0,,Carmel
42954,106460676067,232455,3611,0,,Carmel
88,106260486093,233412,186,0,,Philadelphia
42891,112760687011,232266,8954,0,,Williams
42891,112760687011,232270,8953,0,,Williams
40751,106060487011,233420,2124,0,328,New York
40751,200260116044,233416,2124,0,328,New York
42891,212760116067,232265,8954,0,,Williams
42891,212760116067,232269,8953,0,,Williams
42954,112760267011,232467,5917,0,,Bakersfield
42954,112760267011,232468,5912,1,,Santa Monica
40751,106060206043,233418,2124,0,328,New York
40751,100260796086,233421,2124,0,328,New York
78,112760267011,232469,777,0,148,San Luis Obispo
42954,312760117011,222798,3801,0,,Stockton
94,106561577011,229887,667,0,23,Harrisburg
42954,212760116025,232385,4784,1,,Santa Barbara
42954,212760116025,232387,4967,0,,Fullerton
42954,212760116025,232389,4984,1,,Indio
42954,212760116025,232394,4968,1,,Palm Springs
42954,312760117011,222799,3701,0,,Chico
88,106260487011,220402,176,0,264,Boston
88,206260116016,220398,176,0,264,Boston
88,106260206044,220400,176,0,264,Boston
42891,112760687011,232277,8853,1,,Flagstaff
94,206560116025,229883,667,0,23,Harrisburg
94,103260196019,229884,667,0,23,Harrisburg
94,106560316151,229885,667,0,23,Harrisburg
94,103260476047,229886,667,0,23,Harrisburg
42891,112760687011,232282,8854,1,,Flagstaff
42891,212760116067,232276,8853,1,,Flagstaff
42891,212760116067,232281,8854,1,,Flagstaff
42954,212760116025,232398,5914,1,,Santa Monica
42954,212760116025,232401,5915,0,,Bakersfield
94,106261527011,229902,640,1,21,New York
42954,312760117011,225724,3715,0,,Sacramento
84,106560176038,232316,737,0,61,Oakland
84,106460396039,232317,737,0,230,San Jose
84,106560176038,232321,736,1,59,Sacramento
42954,112760266102,232509,4970,1,,Palm Springs
42954,103261036117,232510,4970,1,,Palm Springs
42954,109561046116,232511,4970,1,,Palm Springs
42954,112760266102,232513,4969,0,,Fullerton
42954,103261036117,232514,4969,0,,Fullerton
42954,109561046116,232515,4969,0,,Fullerton
42954,212760116025,232517,4985,0,,Fullerton
42954,112760266102,232518,4985,0,,Fullerton
42954,103261036117,232519,4985,0,,Fullerton
42954,109561046116,232520,4985,0,,Fullerton
40751,300160117011,233493,2203,1,326,Washington
40751,106460186018,233494,2203,1,326,Washington
40751,106460466046,233495,2203,1,326,Washington
42954,112761187011,232525,4982,1,,Indio
42958,312760117011,224615,6189,1,,Jacksonville
42958,312760117011,224617,6190,0,,Wilson
42954,112760266102,232522,4982,1,,Indio
42954,103261036117,232523,4982,1,,Indio
42954,109561046116,232524,4982,1,,Indio
88,106460537011,230015,120,0,237,New York
88,103260196019,230010,120,0,237,New York
88,106460256025,230011,120,0,237,New York
88,106460326039,230012,120,0,237,New York
88,103260476047,230014,120,0,237,New York
86,312760117011,211995,821,1,17,Fort Worth
94,206260116016,229897,640,1,21,New York
94,106260206044,229899,640,1,21,New York
94,106260486149,229901,640,1,21,New York
42954,112761437011,232476,5703,0,,Bakersfield
42954,112761437011,232480,5919,0,,Bakersfield
42954,112761437011,232483,5719,0,,Bakersfield
88,100160177011,233439,109,1,267,Washington
87,108260677011,220410,421,0,193,Los Angeles
88,106460537011,229917,189,1,267,Washington
78,112760267011,232285,579,0,102,Los Angeles
42954,212760116141,232474,5703,0,,Bakersfield
42954,100261426142,232475,5703,0,,Bakersfield
42954,212760116141,232478,5919,0,,Bakersfield
42954,100261426142,232479,5919,0,,Bakersfield
42954,212760116141,232481,5719,0,,Bakersfield
42954,100261426142,232482,5719,0,,Bakersfield
88,106460186018,233440,109,1,267,Washington
87,208260116062,220408,421,0,193,Los Angeles
88,100160527011,233484,101,1,267,Washington
87,100260656065,220409,421,0,193,Los Angeles
88,103260196019,229912,189,1,267,Washington
88,106460256025,229913,189,1,267,Washington
88,106460326039,229914,189,1,267,Washington
88,103260476047,229916,189,1,267,Washington
78,212760116023,232293,784,1,151,San Diego
78,106560246025,232294,784,1,,Los Angeles
42954,106261467011,232486,3539,0,,Sacramento
42954,306560117011,232487,3591,0,,Sacramento
42954,106261467011,232491,3646,1,,Auburn
42954,106261467011,232494,3623,0,,Sacramento
42954,112761437011,232497,5419,0,,Bakersfield
42954,106261467011,232500,3642,1,,Auburn
42954,106261467011,232503,3536,1,,Auburn
42954,106261467011,232506,3532,1,,Sparks
42954,306560117011,232507,3584,1,,Sparks
88,306560117011,214158,169,1,355,Philadelphia
42954,206260116142,232484,3539,0,,Sacramento
42954,103261456145,232488,3591,0,,Sacramento
42954,206260116142,232489,3646,1,,Auburn
88,106460537011,229945,139,1,260,Washington
94,106561577011,229951,669,0,23,Harrisburg
88,200160116038,233480,101,1,267,Washington
88,106460186018,233481,101,1,267,Washington
42954,206260116142,232492,3623,0,,Sacramento
42954,212760116141,232495,5419,0,,Bakersfield
42954,100261426142,232496,5419,0,,Bakersfield
42954,206260116142,232498,3642,1,,Auburn
42954,206260116142,232501,3536,1,,Auburn
88,106560456046,233482,101,1,267,Washington
88,103260196019,214160,169,1,355,Philadelphia
88,103260196019,229940,139,1,260,Washington
88,106460256025,229941,139,1,260,Washington
88,106460326039,229942,139,1,260,Washington
88,103260476047,214161,169,1,355,Philadelphia
88,103260476047,229944,139,1,260,Washington
94,206560116025,229947,669,0,23,Harrisburg
94,103260196019,229948,669,0,23,Harrisburg
94,106560316151,229949,669,0,23,Harrisburg
94,103260476047,229950,669,0,23,Harrisburg
40751,106260487011,232313,2170,0,327,Boston
42954,206260116142,232504,3532,1,,Sparks
40751,106460537011,215490,2258,0,327,Boston
94,106260967011,233448,607,0,23,Harrisburg
40751,206260116016,232309,2170,0,327,Boston
40751,106260206044,232311,2170,0,327,Boston
42954,103261456145,232508,3584,1,,Sparks
87,112760677011,220422,22,1,274,Chicago
84,106560457011,232318,737,0,61,Oakland
84,106560457011,232323,736,1,59,Sacramento
42954,112761187011,232512,4970,1,,Palm Springs
42954,112761187011,232516,4969,0,,Fullerton
42954,112761187011,232521,4985,0,,Fullerton
87,212760116065,220420,22,1,274,Chicago
87,100160666066,220421,22,1,274,Chicago
94,206260116016,233442,607,0,23,Harrisburg
94,106260206044,233444,607,0,23,Harrisburg
94,106260486093,233447,607,0,23,Harrisburg
40751,103260196019,215486,2258,0,327,Boston
40751,106460256039,215487,2258,0,327,Boston
40751,103260476047,215489,2258,0,327,Boston
42954,312760117011,225715,3711,0,,Chico
42954,312760117011,225718,3713,0,,Chico
42951,312760117011,196500,300,0,254,Chicago
42951,312760117011,196503,305,1,256,St. Louis
42954,312760117011,225721,3819,0,,Davis
36921,312760117011,214267,280,1,280,New York
42985,306260117011,225732,9443,1,,Washington
42985,306260117011,225736,9435,1,,Washington
42985,306260117011,225768,9421,1,,Washington
42985,306260117011,225784,9525,1,,Washington
42985,306260117011,225788,9403,1,,Washington
42985,306260117011,225792,9407,1,,Washington
42985,306260117011,225796,9613,1,,Baltimore
42985,306260117011,225804,9579,1,,Baltimore
42985,306260117011,225808,9413,1,,Washington
42985,306260117011,225820,9431,1,,Washington
42985,306260117011,225828,9427,1,,Washington
42985,306260117011,225840,9583,1,,Baltimore
94,106260207011,233521,626,1,21,New York
40751,100160317011,230054,2214,0,328,New York
94,106561577011,230060,666,1,21,New York
94,204660116016,233518,626,1,21,New York
42985,106260197011,233531,9554,0,,Perryville
40751,200160116024,230052,2214,0,328,New York
40751,106460186018,230053,2214,0,328,New York
94,206560116025,230056,666,1,21,New York
94,103260196019,230057,666,1,21,New York
42985,206260116016,233530,9554,0,,Perryville
94,106560316151,230058,666,1,21,New York
94,103260476047,230059,666,1,21,New York
94,106561577011,230077,672,1,21,New York
88,106560467011,230089,146,0,258,Springfield
94,206560116025,230073,672,1,21,New York
94,103260196019,230074,672,1,21,New York
94,106560316151,230075,672,1,21,New York
94,103260476047,230076,672,1,21,New York
88,200160116045,230085,146,0,258,Springfield
88,206460116025,230086,146,0,258,Springfield
88,103260196019,230087,146,0,258,Springfield
88,106460326039,230088,146,0,258,Springfield
88,103260476047,230090,146,0,258,Springfield
88,106560807011,233555,153,1,267,Washington
88,103260196019,230094,166,0,264,Boston
88,106460256025,230095,166,0,264,Boston
88,106460326039,230096,166,0,264,Boston
88,103260476047,230098,166,0,264,Boston
42985,306260117011,225848,9448,0,,Baltimore
88,106560176025,233548,153,1,267,Washington
42985,306260117011,225856,9544,0,,Perryville
88,103260196019,233549,153,1,267,Washington
40751,106460537011,216307,2275,1,324,Washington
88,106560316038,233550,153,1,267,Washington
88,106460396039,233551,153,1,267,Washington
88,106560456074,233552,153,1,267,Washington
88,103260476047,233553,153,1,267,Washington
40751,106560807011,233561,2205,1,326,Washington
42985,306260117011,225888,9652,0,,Perryville
42985,306260117011,225892,9424,0,,Baltimore
42985,306260117011,225908,9634,0,,Martin Airport
42985,306260117011,225912,9642,0,,Martin Airport
40751,206560116039,233556,2205,1,326,Washington
40751,103260196019,233557,2205,1,326,Washington
40751,106560456074,233558,2205,1,326,Washington
40751,103260476047,233559,2205,1,326,Washington
40751,103260196019,216303,2275,1,324,Washington
40751,106460256039,216304,2275,1,324,Washington
40751,103260476047,216306,2275,1,324,Washington
36921,312760117011,218451,239,0,248,Rensselaer
42985,306260117011,225928,9410,0,,Baltimore
88,106460537011,230099,166,0,264,Boston
88,103260196019,230131,123,1,,Philadelphia
88,106460256025,230132,123,1,,Philadelphia
88,106460326039,230133,123,1,,Philadelphia
88,103260476047,230135,123,1,,Philadelphia
40751,103260196019,209245,2290,0,325,Boston
40751,106460256039,209246,2290,0,325,Boston
42954,312760117011,223062,6617,0,,San Francisco
42954,312760117011,223082,6610,1,,Emeryville
42954,312760117011,223096,6619,0,,San Francisco
40751,106460537011,209249,2290,0,325,Boston
40751,100160807011,233609,2249,1,324,Washington
40751,103260476047,209248,2290,0,325,Boston
40751,200160116038,233601,2249,1,324,Washington
40751,106460186018,233602,2249,1,324,Washington
40751,100160456073,233604,2249,1,324,Washington
40751,106460466046,233605,2249,1,324,Washington
88,106560467011,230157,128,0,349,New York
88,100160176017,230153,128,0,349,New York
88,106560186025,230154,128,0,349,New York
88,103260196019,230155,128,0,349,New York
88,106560316045,230156,128,0,349,New York
88,103260476047,230158,128,0,349,New York
42954,312760117011,223146,6614,1,,Emeryville
88,100160877011,233618,127,1,267,Washington
88,103260476047,233614,127,1,267,Washington
88,100160806080,233616,127,1,267,Washington
42954,312760117011,223180,6615,0,,San Francisco
42954,312760117011,223182,6616,1,,Emeryville
42954,312760117011,223191,6613,0,,San Francisco
64,112761527011,233633,43,0,105,Pittsburgh
42985,306260117011,225936,9416,0,,Baltimore
88,100160317011,230103,142,0,237,New York
41044,306560117011,218456,461,1,315,New Haven
88,106560317011,230115,158,0,349,New York
88,106260487011,224664,141,1,259,Washington
88,106260487011,214327,138,0,349,New York
88,106260487011,214359,95,1,342,Norfolk
88,106260487011,218448,125,1,346,Newport News
41044,103260196019,218459,461,1,315,New Haven
41044,103260476047,218460,461,1,315,New Haven
88,206260116016,224660,141,1,259,Washington
88,106260206044,224662,141,1,259,Washington
42985,306260117011,225948,9426,0,,Baltimore
42985,306060117011,225952,9455,1,,Washington
88,106560807011,233570,103,1,267,Washington
88,200160116024,230101,142,0,237,New York
88,106460186018,230102,142,0,237,New York
88,106460466046,230104,142,0,237,New York
88,206260116016,214323,138,0,349,New York
88,106260206044,214325,138,0,349,New York
88,106560176038,233564,103,1,267,Washington
88,103260196019,233565,103,1,267,Washington
88,106460396039,233566,103,1,267,Washington
88,106560456074,233567,103,1,267,Washington
88,103260476047,233568,103,1,267,Washington
88,206260116016,214355,95,1,342,Norfolk
88,106260206044,214357,95,1,342,Norfolk
88,206260116016,218444,125,1,346,Newport News
88,106260206044,218446,125,1,346,Newport News
88,106260487011,224684,85,1,260,Washington
42985,306260117011,225964,9585,1,,Baltimore
88,206560116025,230113,158,0,349,New York
88,106560177011,233572,155,1,158,Norfolk
88,103260196019,230114,158,0,349,New York
42985,306260117011,225972,9502,0,,Perryville
42985,306260117011,225976,9612,0,,Martin Airport
42985,306260117011,225980,9520,0,,Perryville
88,103260476047,230116,158,0,349,New York
88,103260196019,233573,155,1,158,Norfolk
88,103260476047,233574,155,1,158,Norfolk
42954,312760117011,223037,6611,0,,San Francisco
88,206260116016,224680,85,1,260,Washington
88,106260206044,224682,85,1,260,Washington
41042,306560117011,218472,460,0,319,Springfield
41042,103260196019,218475,460,0,319,Springfield
41042,103260476047,218476,460,0,319,Springfield
88,106460537011,230136,123,1,,Philadelphia
64,206260116023,233628,43,0,105,Pittsburgh
64,206560116025,233629,43,0,105,Pittsburgh
64,112760266044,233630,43,0,105,Pittsburgh
64,112760456074,233631,43,0,105,Pittsburgh
64,112760756151,233632,43,0,105,Pittsburgh
60,312760117011,209338,507,1,292,Eugene
60,312760117011,209341,508,0,289,Seattle
42954,112760407011,233644,4104,1,,Merced
42948,306560117011,230289,3690,1,,New London
42948,306560117011,230291,3692,1,,New London
42948,306560117011,230293,3610,1,,New London
75,112761227011,218576,27,0,241,Portland
42948,306560117011,230295,3652,1,,New London
42912,112760707011,191735,8003,0,,Las Vegas
42948,306560117011,230297,3034,1,,New London
42948,306560117011,230299,3604,1,,New London
42948,306560117011,230301,3644,1,,New London
42948,306560117011,230303,3618,1,,New London
42954,112760407011,233646,4119,0,,San Jose
86,312760117011,212158,822,0,18,Oklahoma City
42954,212760116039,233643,4104,1,,Merced
42954,212760116039,233645,4119,0,,San Jose
75,212760116064,218572,27,0,241,Portland
75,100260656065,218573,27,0,241,Portland
75,112760676121,218575,27,0,241,Portland
42912,212760116068,191733,8003,0,,Las Vegas
42912,101660696069,191734,8003,0,,Las Vegas
36921,312760117011,196911,236,1,245,New York
55,112760167011,233649,371,0,28,Chicago
55,312760117011,233652,370,1,27,Grand Rapids
42948,306560117011,230305,3699,0,,New Haven
42948,306560117011,230311,3655,0,,New Haven
42948,306560117011,230313,3663,0,,New Haven
42948,306560117011,230315,3613,0,,New Haven
42948,306560117011,230317,3621,0,,New Haven
42948,306560117011,230319,3637,0,,New Haven
42948,306560117011,230321,3629,0,,New Haven
42948,306560117011,230335,3645,0,,New Haven
81,112760677011,196994,49,0,128,Chicago
42996,312760117011,191395,26,1,386,Mobile Amtrak Sta
42996,312760117011,191397,24,1,386,Mobile Amtrak Sta
42996,312760117011,191399,23,0,387,New Orleans
42996,312760117011,191401,25,0,387,New Orleans
36921,312760117011,196932,240,1,245,New York
87,107460677011,220618,422,1,195,Chicago
41042,106460537011,216443,409,1,318,New Haven
41042,106460537011,216453,465,1,318,New Haven
41042,300160117011,216458,463,1,318,New Haven
41042,300160117011,216466,467,1,318,New Haven
87,207460116065,220617,422,1,195,Chicago
81,212760116065,196992,49,0,128,Chicago
81,100160666066,196993,49,0,128,Chicago
41042,103260196019,216439,409,1,318,New Haven
41042,106460256039,216440,409,1,318,New Haven
41042,103260476047,216442,409,1,318,New Haven
41042,103260196019,216449,465,1,318,New Haven
41042,106460256039,216450,465,1,318,New Haven
41042,103260476047,216452,465,1,318,New Haven
41042,106460186018,216460,463,1,318,New Haven
41042,106460466046,216461,463,1,318,New Haven
41042,106460186018,216468,467,1,318,New Haven
41042,106460466046,216469,467,1,318,New Haven
75,212760116064,218613,28,1,243,Chicago
75,100260656065,218614,28,1,243,Chicago
75,112760676121,218616,28,1,243,Chicago
42985,306260117011,226242,9537,1,,Washington
42985,306260117011,226262,9517,1,,Washington
39626,207160116088,218861,1106,1,,Denver
88,106460537011,224869,96,0,264,Boston
42985,306260117011,226268,9641,0,,Washington
85,206260116023,233727,79,1,178,Charlotte
85,106560176025,233728,79,1,178,Charlotte
85,112760266044,233729,79,1,178,Charlotte
85,112760456067,233730,79,1,178,Charlotte
85,112760686074,233731,79,1,178,Charlotte
85,112760756097,233732,79,1,178,Charlotte
39626,207160116088,218863,1105,0,,Fraser
88,300160117011,206389,144,0,,New York
79,212760116032,212248,71,0,108,Charlotte
41044,306560117011,218752,499,1,320,Springfield
88,103260196019,224865,96,0,264,Boston
88,106460256039,224866,96,0,264,Boston
88,103260476047,224868,96,0,264,Boston
79,112760337011,212249,71,0,108,Charlotte
88,106560807011,233745,143,1,259,Washington
42954,312760117011,223292,3712,1,,Stockton
42954,312760117011,223305,3812,1,,Stockton
42954,312760117011,223309,3814,1,,Stockton
88,206560116039,233740,143,1,259,Washington
88,103260196019,233741,143,1,259,Washington
88,106560456074,233742,143,1,259,Washington
41044,103260196019,218755,499,1,320,Springfield
41044,103260476047,218756,499,1,320,Springfield
88,103260476047,233743,143,1,259,Washington
88,106560807011,233754,195,1,260,Washington
42954,312760117011,223312,3816,1,,Stockton
88,106560176025,233748,195,1,260,Washington
88,103260196019,233749,195,1,260,Washington
88,106560316039,233750,195,1,260,Washington
88,109760456047,233751,195,1,260,Washington
88,106560526074,233753,195,1,260,Washington
88,106460186018,206391,144,0,,New York
88,106460466046,206392,144,0,,New York
90,306560117011,216696,57,1,190,Washington
42954,312760117011,223314,3718,1,,Stockton
42954,312760117011,223317,3716,1,,Stockton
88,106260487011,224899,134,0,237,New York
84,306260117011,224977,529,0,357,San Jose
90,103260196019,216698,57,1,190,Washington
90,103260476047,216699,57,1,190,Washington
88,100160807011,233767,147,1,,Roanoke
88,206260116016,224895,134,0,237,New York
88,106260206044,224897,134,0,237,New York
88,200160116038,233761,147,1,,Roanoke
88,106460186018,233762,147,1,,Roanoke
88,106560456046,233763,147,1,,Roanoke
88,100160526073,233765,147,1,,Roanoke
54,312760117011,218871,334,1,20,Chicago
54,312760117011,218873,331,0,19,Milwaukee
54,312760117011,218879,336,1,20,Chicago
54,312760117011,218881,339,0,19,Milwaukee
54,306360117011,218888,330,1,20,Chicago
54,312760117011,218895,332,1,20,Chicago
54,312760117011,218898,337,0,19,Milwaukee
88,106460817011,230490,157,1,259,Washington
88,112760967011,224905,151,1,,Roanoke
88,103260196019,230484,157,1,259,Washington
88,106460256025,230485,157,1,259,Washington
88,106460326039,230486,157,1,259,Washington
88,212760116095,224904,151,1,,Roanoke
88,103260476047,230488,157,1,259,Washington
88,106460536074,230489,157,1,259,Washington
88,106560807011,233788,99,1,84,Newport News
88,206460116025,233779,99,1,84,Newport News
88,100160176024,233780,99,1,84,Newport News
88,103260196019,233781,99,1,84,Newport News
88,100160316038,233782,99,1,84,Newport News
40751,103260196019,233691,2271,1,324,Washington
40751,106460256039,233692,2271,1,324,Washington
40751,100160456073,233693,2271,1,324,Washington
40751,103260476047,233695,2271,1,324,Washington
40751,106460536074,233697,2271,1,324,Washington
42948,306260117011,230420,1699,0,,New Haven
42948,306260117011,230424,1659,0,,New Haven
42948,306260117011,230428,1637,0,,New Haven
84,306260117011,233700,525,0,61,Oakland
42954,112760697011,218780,5005,0,,San Francisco
40751,106460327011,230249,2207,1,326,Washington
40751,106260207011,230252,2171,1,324,Washington
41044,306560117011,216540,488,0,316,Greenfield
84,106260167011,233703,537,0,61,Oakland
84,106260197011,233706,535,0,61,Oakland
42954,212760116066,218778,5005,0,,San Francisco
42954,109660676068,218779,5005,0,,San Francisco
40751,109660196025,230248,2207,1,326,Washington
40751,206260116016,230250,2171,1,324,Washington
41044,103260196019,216543,488,0,316,Greenfield
41044,103260476047,216544,488,0,316,Greenfield
79,112760337011,212231,76,1,107,Raleigh
69,112760987011,233712,89,1,103,Savannah
69,212760116044,233708,89,1,103,Savannah
69,112760456067,233709,89,1,103,Savannah
69,112760686074,233710,89,1,103,Savannah
69,112760756097,233711,89,1,103,Savannah
94,106561577011,233720,661,0,23,Harrisburg
40751,100160807011,233725,2201,1,326,Washington
79,212760116032,212230,76,1,107,Raleigh
42985,306260117011,226203,9511,1,,Washington
42985,306260117011,226210,9679,1,,Washington
42985,306260117011,226230,9449,1,,Washington
94,106560176039,233714,661,0,23,Harrisburg
94,103260196019,233715,661,0,23,Harrisburg
94,106560456074,233716,661,0,23,Harrisburg
94,103260476047,233717,661,0,23,Harrisburg
94,106560806151,233719,661,0,23,Harrisburg
40751,200160116038,233721,2201,1,326,Washington
40751,106460186018,233722,2201,1,326,Washington
40751,100160456073,233723,2201,1,326,Washington
42954,312760117011,223286,3802,1,,Sacramento
42954,312760117011,223288,3710,1,,Stockton
42954,312760117011,223290,3810,1,,Stockton
85,112760987011,233733,79,1,178,Charlotte
42946,212760116065,218619,59,1,73,New Orleans
42946,100160666066,218620,59,1,73,New Orleans
84,106260197011,233665,520,1,59,Sacramento
75,112761227011,218617,28,1,243,Chicago
42946,112760677011,218621,59,1,73,New Orleans
81,112760677011,218650,48,1,127,New York
81,112760677011,218655,448,1,126,Boston
42948,306260117011,230344,1610,1,,New London
42948,306260117011,230348,1602,1,,New London
41042,103260196019,216484,450,0,319,Springfield
41042,103260476047,216485,450,0,319,Springfield
41042,103260196019,216491,497,1,318,New Haven
41042,106460256039,216492,497,1,318,New Haven
41042,103260476047,216494,497,1,318,New Haven
42948,306260117011,230352,1652,1,,New London
42948,306260117011,230356,1606,1,,New London
42948,306260117011,230360,1640,1,,New London
42948,306260117011,230368,1600,1,,New London
42948,306260117011,230372,1632,1,,New London
42948,306260117011,230376,1638,1,,New London
42948,306260117011,230380,1634,1,,New London
81,212760116065,218648,48,1,127,New York
81,100160666066,218649,48,1,127,New York
81,212760116065,218653,448,1,126,Boston
81,100160666066,218654,448,1,126,Boston
42948,306260117011,230388,1604,1,,New London
88,206260116016,224794,84,0,237,New York
88,106260206044,224796,84,0,237,New York
84,106260197011,233684,534,1,59,Sacramento
41042,306560117011,216481,450,0,319,Springfield
41042,106460537011,216495,497,1,318,New Haven
88,106260487011,224798,84,0,237,New York
36930,104160687011,218674,1,0,269,Los Angeles
36930,107460677011,218677,2,1,271,New Orleans
42920,312760117011,191508,8903,1,,Oklahoma City
36930,204160116063,218672,1,0,269,Los Angeles
36930,100160666066,218673,1,0,269,Los Angeles
36930,207460116065,218676,2,1,271,New Orleans
41042,306560117011,216504,464,0,319,Springfield
41042,103260196019,216507,464,0,319,Springfield
41042,103260476047,216508,464,0,319,Springfield
40751,100160807011,233698,2271,1,324,Washington
40751,106460817011,233699,2271,1,324,Washington
42948,306260117011,230392,1681,0,,New Haven
42948,306260117011,230396,1691,0,,New Haven
42948,306260117011,230400,1695,0,,New Haven
42948,306260117011,230404,1687,0,,New Haven
42948,306260117011,230408,1645,0,,New Haven
42948,306260117011,230412,1633,0,,New Haven
42948,306260117011,230416,1667,0,,New Haven
40751,200160116038,233688,2271,1,324,Washington
40751,106460186018,233690,2271,1,324,Washington
88,106460326039,233783,99,1,84,Newport News
88,109760456047,233784,99,1,84,Newport News
88,106560526074,233786,99,1,84,Newport News
88,106460817011,230506,105,1,267,Washington
88,103260196019,230500,105,1,267,Washington
88,106460256025,230501,105,1,267,Washington
88,106460326039,230502,105,1,267,Washington
88,103260476047,230504,105,1,267,Washington
88,106460536074,230505,105,1,267,Washington
88,106260757011,230514,175,1,260,Washington
80,306560117011,223340,350,1,52,Pontiac
80,306260117011,223342,350,1,52,Pontiac
88,206260116016,230509,175,1,260,Washington
88,106260206044,230511,175,1,260,Washington
88,106260486072,230513,175,1,260,Washington
88,106260487011,218942,93,1,342,Norfolk
42985,306260117011,226324,9550,0,,Perryville
42985,306260117011,226330,9440,0,,Baltimore
88,106560807011,233816,161,1,260,Washington
88,206460116025,233808,161,1,260,Washington
88,206260116016,218938,93,1,342,Norfolk
88,106260206044,218940,93,1,342,Norfolk
88,100160176024,233809,161,1,260,Washington
88,103260196019,233810,161,1,260,Washington
88,100160316038,233811,161,1,260,Washington
88,106460326039,233812,161,1,260,Washington
88,109760456047,233813,161,1,260,Washington
88,106560526074,233815,161,1,260,Washington
80,306560117011,223345,353,0,53,Chicago
80,306260117011,223347,353,0,53,Chicago
80,306560117011,223349,351,0,53,Chicago
80,306260117011,223351,351,0,53,Chicago
42985,306260117011,226392,9414,0,,Baltimore
61,306560117011,212347,690,1,153,Boston
42985,306260117011,226412,9430,0,,Baltimore
42985,306260117011,226433,9587,1,,Baltimore
90,106260487011,230532,55,1,190,Washington
90,206260116016,230528,55,1,190,Washington
90,106260206044,230530,55,1,190,Washington
94,106261527011,226509,609,0,23,Harrisburg
36926,312760117011,218964,319,1,376,Kansas City
42985,106260487011,233893,9439,1,,Washington
42985,106260487011,233898,9404,0,,Baltimore
42985,106260487011,233903,9438,0,,Baltimore
42985,106260487011,233908,9447,1,,Washington
42985,106260487011,233913,9451,1,,Washington
42985,106260487011,233918,9505,1,,Washington
42985,106260487011,233923,9532,0,,Perryville
42985,106260487011,233928,9536,0,,Perryville
42985,106260487011,233933,9548,0,,Perryville
42985,106260487011,233938,9422,0,,Baltimore
42985,106260487011,233943,9419,1,,Washington
42985,106260487011,233948,9423,1,,Washington
42985,106260487011,233953,9610,0,,Martin Airport
42985,106260487011,233958,9408,0,,Baltimore
42985,106260487011,233963,9409,1,,Washington
42985,106260487011,233968,9418,0,,Baltimore
42985,106260487011,233973,9415,1,,Washington
42985,106260487011,233978,9428,0,,Baltimore
42985,106260487011,233983,9433,1,,Washington
42985,106260487011,233988,9412,0,,Baltimore
42985,106260487011,233993,9400,0,,Baltimore
42985,106260487011,233998,9429,1,,Washington
42985,106260487011,234003,9401,1,,Washington
42985,106260487011,234008,9445,1,,Washington
94,206260116016,226504,609,0,23,Harrisburg
94,106260206044,226506,609,0,23,Harrisburg
94,106260486149,226508,609,0,23,Harrisburg
42985,206260116016,233889,9439,1,,Washington
42985,106260206044,233891,9439,1,,Washington
42985,206260116016,233894,9404,0,,Baltimore
42985,106260206044,233896,9404,0,,Baltimore
42985,206260116016,233899,9438,0,,Baltimore
42985,106260206044,233901,9438,0,,Baltimore
42985,206260116016,233904,9447,1,,Washington
42985,106260206044,233906,9447,1,,Washington
42985,206260116016,233909,9451,1,,Washington
42985,106260206044,233911,9451,1,,Washington
42985,206260116016,233914,9505,1,,Washington
42985,106260206044,233916,9505,1,,Washington
42985,206260116016,233919,9532,0,,Perryville
42985,106260206044,233921,9532,0,,Perryville
42985,206260116016,233924,9536,0,,Perryville
42985,106260206044,233926,9536,0,,Perryville
42985,206260116016,233929,9548,0,,Perryville
42985,106260206044,233931,9548,0,,Perryville
42985,206260116016,233934,9422,0,,Baltimore
42985,106260206044,233936,9422,0,,Baltimore
42985,206260116016,233939,9419,1,,Washington
42985,106260206044,233941,9419,1,,Washington
42985,206260116016,233944,9423,1,,Washington
42985,106260206044,233946,9423,1,,Washington
36949,312760117011,218968,291,0,371,Burlington
42985,206260116016,233949,9610,0,,Martin Airport
42985,106260206044,233951,9610,0,,Martin Airport
42985,206260116016,233954,9408,0,,Baltimore
42985,106260206044,233956,9408,0,,Baltimore
42985,206260116016,233959,9409,1,,Washington
42985,106260206044,233961,9409,1,,Washington
42985,206260116016,233964,9418,0,,Baltimore
42985,106260206044,233966,9418,0,,Baltimore
42985,206260116016,233969,9415,1,,Washington
42985,106260206044,233971,9415,1,,Washington
42985,206260116016,233974,9428,0,,Baltimore
42985,106260206044,233976,9428,0,,Baltimore
42985,206260116016,233979,9433,1,,Washington
42985,106260206044,233981,9433,1,,Washington
42985,206260116016,233984,9412,0,,Baltimore
42985,106260206044,233986,9412,0,,Baltimore
42985,206260116016,233989,9400,0,,Baltimore
42985,106260206044,233991,9400,0,,Baltimore
42985,206260116016,233994,9429,1,,Washington
94,106261527011,226522,642,1,21,New York
42985,106260206044,233996,9429,1,,Washington
94,106261527011,226541,655,0,23,Harrisburg
42985,206260116016,233999,9401,1,,Washington
94,106261527011,226569,600,1,21,New York
94,106261527011,226578,646,1,21,New York
42985,106260206044,234001,9401,1,,Washington
42985,206260116016,234004,9445,1,,Washington
42985,106260206044,234006,9445,1,,Washington
94,206260116016,226517,642,1,21,New York
94,106260206044,226519,642,1,21,New York
94,106260486149,226521,642,1,21,New York
94,206260116016,226536,655,0,23,Harrisburg
94,106260206044,226538,655,0,23,Harrisburg
94,106260486149,226540,655,0,23,Harrisburg
42985,106260487011,234013,9446,0,,Baltimore
36949,312760117011,218973,290,1,370,New York
94,206260116016,226564,600,1,21,New York
94,106260206044,226566,600,1,21,New York
94,106260486149,226568,600,1,21,New York
42912,103260686068,192130,8103,0,,Las Vegas
84,306260117011,226479,540,1,59,Sacramento
36921,306560117011,206627,245,0,248,Rensselaer
51,112760677011,226493,3,0,270,Los Angeles
96,112760677011,226500,5,0,173,Emeryville
84,306260117011,226487,549,0,61,Oakland
51,212760116064,226490,3,0,270,Los Angeles
51,100260656065,226491,3,0,270,Los Angeles
96,212760116064,226497,5,0,173,Emeryville
96,100260656065,226498,5,0,173,Emeryville
42954,312760117011,226448,5801,0,,Bakersfield
36921,103260196019,206630,245,0,248,Rensselaer
36921,103260476047,206631,245,0,248,Rensselaer
42951,312760117011,218961,302,0,254,Chicago
94,206260116016,226573,646,1,21,New York
94,106260206044,226575,646,1,21,New York
94,106260486149,226577,646,1,21,New York
42985,206260116016,234009,9446,0,,Baltimore
42985,106260206044,234011,9446,0,,Baltimore
94,106261527011,234020,644,1,21,New York
94,206260116016,234014,644,1,21,New York
94,106260206044,234016,644,1,21,New York
94,106260486072,234018,644,1,21,New York
94,106260756149,234019,644,1,21,New York
64,212760116151,226590,42,1,106,New York
94,106460537011,218981,612,1,22,Philadelphia
94,206260116016,226596,658,1,21,New York
94,106260206044,226598,658,1,21,New York
94,106260486149,226600,658,1,21,New York
94,103260196019,218977,612,1,22,Philadelphia
94,106460256039,218978,612,1,22,Philadelphia
94,103260476047,218980,612,1,22,Philadelphia
94,106261527011,234027,648,1,21,New York
88,106560317011,234030,87,1,342,Norfolk
64,112761527011,226591,42,1,106,New York
94,106261527011,226601,658,1,21,New York
94,106261527011,226650,652,1,21,New York
94,106261527011,226660,654,1,21,New York
42954,312760117011,223413,6014,0,,San Francisco
94,206260116016,234021,648,1,21,New York
94,206260116016,226645,652,1,21,New York
94,106260206044,226647,652,1,21,New York
94,106260486149,226649,652,1,21,New York
94,206260116016,226655,654,1,21,New York
94,106260206044,226657,654,1,21,New York
94,106260206044,234023,648,1,21,New York
94,106260486072,234025,648,1,21,New York
94,106260756149,234026,648,1,21,New York
94,106260486149,226659,654,1,21,New York
88,206560116025,234028,87,1,342,Norfolk
88,103260196019,234029,87,1,342,Norfolk
88,103260476047,234031,87,1,342,Norfolk
94,106261527011,234039,650,1,21,New York
94,206260116016,234033,650,1,21,New York
94,106260206044,234035,650,1,21,New York
94,106260486072,234037,650,1,21,New York
94,106260756149,234038,650,1,21,New York
42947,112760987011,234047,97,1,114,Miami
94,106561577011,226690,663,0,23,Harrisburg
42947,212760116018,234041,97,1,114,Miami
42947,112760196044,234042,97,1,114,Miami
42947,112760456065,234043,97,1,114,Miami
42947,100160666066,234044,97,1,114,Miami
42947,112760676074,234045,97,1,114,Miami
42947,112760756097,234046,97,1,114,Miami
94,106261527011,234054,656,1,21,New York
94,206560116151,226687,663,0,23,Harrisburg
94,103260196019,226688,663,0,23,Harrisburg
94,103260476047,226689,663,0,23,Harrisburg
94,206260116016,234048,656,1,21,New York
94,106260206044,234050,656,1,21,New York
94,106260486072,234052,656,1,21,New York
94,106461587011,226705,615,0,25,Harrisburg
94,106260756149,234053,656,1,21,New York
94,106561577011,226723,671,0,23,Harrisburg
94,106261527011,234068,649,0,23,Harrisburg
94,103260196019,226700,615,0,25,Harrisburg
94,106460256039,226701,615,0,25,Harrisburg
94,103260476047,226703,615,0,25,Harrisburg
94,106460536151,226704,615,0,25,Harrisburg
94,206560116151,226720,671,0,23,Harrisburg
94,103260196019,226721,671,0,23,Harrisburg
94,103260476047,226722,671,0,23,Harrisburg
94,206260116016,234061,649,0,23,Harrisburg
94,106260206044,234063,649,0,23,Harrisburg
94,103260476047,234065,649,0,23,Harrisburg
94,106260486072,234066,649,0,23,Harrisburg
94,106260756149,234067,649,0,23,Harrisburg
88,106260487011,206890,110,0,,New York
84,306560117011,230665,749,0,61,Oakland
94,106560176151,226726,660,1,21,New York
94,103260196019,226727,660,1,21,New York
94,103260476047,226728,660,1,21,New York
94,106560176151,226744,664,1,21,New York
94,103260196019,226745,664,1,21,New York
94,103260476047,226746,664,1,21,New York
94,100160176150,226750,662,1,21,New York
94,106460186018,226751,662,1,21,New York
94,106460466046,226752,662,1,21,New York
94,206560116151,226762,670,1,21,New York
94,103260196019,226763,670,1,21,New York
94,103260476047,226764,670,1,21,New York
94,106561577011,226729,660,1,21,New York
94,106561577011,226747,664,1,21,New York
94,100161577011,226753,662,1,21,New York
94,106561577011,226765,670,1,21,New York
88,206260116016,206886,110,0,,New York
88,106260206044,206888,110,0,,New York
51,112760677011,226778,4,1,118,Chicago
96,112760677011,226786,6,1,174,Chicago
41080,312760117011,223460,3766,1,,Chico
51,212760116064,226775,4,1,118,Chicago
51,100260656065,226776,4,1,118,Chicago
96,212760116064,226783,6,1,174,Chicago
96,100260656065,226784,6,1,174,Chicago
42954,312760117011,223462,3910,1,,Stockton
42954,312760117011,223464,3916,1,,Stockton
88,106460257011,226802,100,0,237,New York
88,103260196019,226801,100,0,237,New York
88,106560807011,234139,160,0,264,Boston
42957,312760117011,223474,380,1,,Chicago
88,106260207011,226807,198,1,237,New York
88,106260207011,226810,113,1,267,Washington
88,100160176038,234131,160,0,264,Boston
88,106460186032,234132,160,0,264,Boston
88,103260196019,234133,160,0,264,Boston
88,106460396039,234134,160,0,264,Boston
88,106560456046,234135,160,0,264,Boston
88,103260476047,234136,160,0,264,Boston
88,206260116016,226805,198,1,237,New York
88,106560526074,234137,160,0,264,Boston
88,206260116016,226808,113,1,267,Washington
42954,312760117011,223486,3915,0,,San Jose
88,106560807011,234158,162,0,264,Boston
88,100160807011,234169,163,1,260,Washington
88,206560116039,234154,162,0,264,Boston
88,103260196019,234155,162,0,264,Boston
88,106560456074,234156,162,0,264,Boston
88,103260476047,234157,162,0,264,Boston
88,200160116024,234159,163,1,260,Washington
88,106460186018,234160,163,1,260,Washington
88,100160316038,234161,163,1,260,Washington
88,106560456046,234162,163,1,260,Washington
88,100160526073,234165,163,1,260,Washington
42957,312760117011,223494,383,0,,Quincy
72,312760117011,223496,382,1,70,Chicago
42954,112760687011,223513,6421,0,,Longview
42954,312760117011,223515,6422,1,,Shreveport
42954,312760117011,223524,6311,0,,Arcata
42954,312760117011,223530,6313,0,,Arcata
94,106261527011,226853,641,0,23,Harrisburg
94,106261527011,234195,651,0,23,Harrisburg
90,106560807011,234201,54,0,191,St Albans
42954,212760116066,223511,6421,0,,Longview
42954,106460676067,223512,6421,0,,Longview
94,206260116016,226848,641,0,23,Harrisburg
94,206260116016,234188,651,0,23,Harrisburg
60,312760117011,209893,504,0,289,Seattle
94,106260206044,234190,651,0,23,Harrisburg
94,103260476047,234192,651,0,23,Harrisburg
94,106260206044,226850,641,0,23,Harrisburg
94,106260486072,234193,651,0,23,Harrisburg
94,106260756149,234194,651,0,23,Harrisburg
90,206560116025,234196,54,0,191,St Albans
90,103260196019,234197,54,0,191,St Albans
90,106560316039,234198,54,0,191,St Albans
90,109760456047,234199,54,0,191,St Albans
90,106560526074,234200,54,0,191,St Albans
94,106260486149,226852,641,0,23,Harrisburg
77,112760677011,200074,52,0,6,Lorton
77,112760677011,200079,53,1,5,Sanford
42954,312760117011,223532,6517,0,,Santa Rosa
42954,112760687011,223537,6021,1,,Houston
42954,312760117011,223539,6515,0,,Santa Rosa
42954,312760117011,223542,6510,1,,Martinez
42954,112760687011,223547,6121,1,,Shreveport
77,212760116065,200072,52,0,6,Lorton
77,100160666066,200073,52,0,6,Lorton
77,212760116065,200077,53,1,5,Sanford
77,100160666066,200078,53,1,5,Sanford
94,106260487011,221420,605,0,25,Harrisburg
42954,212760116066,223535,6021,1,,Houston
42954,106460676067,223536,6021,1,,Houston
42954,212760116066,223545,6121,1,,Shreveport
42954,106460676067,223546,6121,1,,Shreveport
42954,312760117011,223551,6514,1,,Martinez
88,106460537011,234218,149,1,260,Washington
94,206260116016,221416,605,0,25,Harrisburg
94,106260206044,221418,605,0,25,Harrisburg
88,103260196019,234213,149,1,260,Washington
88,106460256025,234214,149,1,260,Washington
88,106460326039,234215,149,1,260,Washington
88,103260476047,234217,149,1,260,Washington
40751,106560807011,234234,2248,0,327,Boston
94,206260116016,226865,645,0,23,Harrisburg
94,106260206044,226867,645,0,23,Harrisburg
94,106260486149,226869,645,0,23,Harrisburg
94,206260116016,226874,643,0,23,Harrisburg
94,106260206044,226876,643,0,23,Harrisburg
94,106260486149,226878,643,0,23,Harrisburg
94,106261527011,226870,645,0,23,Harrisburg
94,106261527011,226879,643,0,23,Harrisburg
40751,100160176017,234227,2248,0,327,Boston
40751,106560186025,234228,2248,0,327,Boston
40751,103260196019,234229,2248,0,327,Boston
40751,106560316039,234230,2248,0,327,Boston
40751,100160456045,234231,2248,0,327,Boston
40751,109660466047,234232,2248,0,327,Boston
40751,106560526074,234233,2248,0,327,Boston
94,106261527011,226898,647,0,23,Harrisburg
40751,206560116017,234235,2255,1,324,Washington
40751,103260196019,234237,2255,1,324,Washington
40751,106560246039,234238,2255,1,324,Washington
40751,106560456074,234239,2255,1,324,Washington
40751,103260476047,234240,2255,1,324,Washington
94,206260116016,226893,647,0,23,Harrisburg
94,106260206044,226895,647,0,23,Harrisburg
94,106260486149,226897,647,0,23,Harrisburg
40751,106560807011,234242,2255,1,324,Washington
94,106261527011,226907,653,0,23,Harrisburg
41080,312760117011,223714,3763,0,,Redding
88,106560807011,234343,135,1,260,Washington
88,106560807011,234349,88,0,264,Boston
88,106560807011,234354,140,0,258,Springfield
88,206560116025,234337,135,1,260,Washington
88,103260196019,234338,135,1,260,Washington
88,106560316039,234339,135,1,260,Washington
88,109760456047,234340,135,1,260,Washington
88,106560526074,234342,135,1,260,Washington
88,106560176039,234345,88,0,264,Boston
88,103260196019,234346,88,0,264,Boston
88,109760456047,234347,88,0,264,Boston
88,106560526074,234348,88,0,264,Boston
88,206560116039,234350,140,0,258,Springfield
88,103260196019,234351,140,0,258,Springfield
88,106560456074,234352,140,0,258,Springfield
88,103260476047,234353,140,0,258,Springfield
41080,312760117011,223717,3788,1,,Chico
88,106560807011,234359,156,0,339,New York
88,206560116039,234355,156,0,339,New York
88,103260196019,234356,156,0,339,New York
88,106560456074,234357,156,0,339,New York
88,103260476047,234358,156,0,339,New York
88,106260487011,210118,170,0,264,Boston
88,106260487011,210180,112,0,237,New York
42954,312760117011,227122,6612,1,,Emeryville
88,206260116016,210114,170,0,264,Boston
88,106260206044,210116,170,0,264,Boston
79,112760337011,217433,74,1,107,Raleigh
79,112760337011,217452,77,0,108,Charlotte
79,112760337011,217456,78,1,107,Raleigh
88,206260116016,210176,112,0,237,New York
88,106260206044,210178,112,0,237,New York
79,212760116032,217432,74,1,107,Raleigh
79,212760116032,217451,77,0,108,Charlotte
79,212760116032,217455,78,1,107,Raleigh
88,106260487011,210194,182,0,237,New York
90,106260487011,210207,56,0,191,St Albans
88,206260116016,210190,182,0,237,New York
88,106260206044,210192,182,0,237,New York
90,206260116016,210203,56,0,191,St Albans
90,106260206044,210205,56,0,191,St Albans
80,306260117011,212729,354,1,52,Pontiac
80,306560117011,212730,354,1,52,Pontiac
94,206260116016,226902,653,0,23,Harrisburg
94,106260206044,226904,653,0,23,Harrisburg
94,106260486149,226906,653,0,23,Harrisburg
94,106261527011,226916,657,0,23,Harrisburg
94,100161577011,226922,611,0,25,Harrisburg
88,100160807011,234276,159,1,267,Washington
94,206260116016,226911,657,0,23,Harrisburg
94,106260206044,226913,657,0,23,Harrisburg
94,106260486149,226915,657,0,23,Harrisburg
94,100160176150,226919,611,0,25,Harrisburg
94,106460186018,226920,611,0,25,Harrisburg
94,106460466046,226921,611,0,25,Harrisburg
88,200160116038,234271,159,1,267,Washington
88,106460186018,234272,159,1,267,Washington
88,100160456073,234273,159,1,267,Washington
88,106460466046,234274,159,1,267,Washington
42954,312760117011,200176,6092,0,,Tampa
40751,100160807011,234287,2250,0,327,Boston
40751,106460817011,234288,2250,0,327,Boston
40751,200160116024,234277,2250,0,327,Boston
40751,106460186018,234279,2250,0,327,Boston
40751,103260196019,234280,2250,0,327,Boston
40751,106460256039,234281,2250,0,327,Boston
40751,100160316038,234282,2250,0,327,Boston
40751,106560456046,234283,2250,0,327,Boston
40751,103260476047,234284,2250,0,327,Boston
40751,100160526073,234285,2250,0,327,Boston
40751,106460536074,234286,2250,0,327,Boston
42954,312760117011,226938,5415,0,,Bakersfield
42958,312760117011,200207,6090,0,,Wilson
78,112760267011,234316,593,0,102,Los Angeles
42954,312760117011,223613,3704,1,,Sacramento
88,106560807011,234323,164,0,90,Boston
42954,312760117011,223685,5818,1,,San Diego
60,312760117011,210002,503,1,292,Eugene
78,112760166023,234300,582,1,101,San Diego
88,106460257011,226971,117,1,,Washington
78,112760166022,234313,593,0,102,Los Angeles
88,106560176039,234318,164,0,90,Boston
88,103260196019,234319,164,0,90,Boston
88,109760456047,234320,164,0,90,Boston
88,106560526074,234321,164,0,90,Boston
88,106560807011,234330,118,0,237,New York
88,206260116016,207358,179,1,355,Philadelphia
88,106260206044,207360,179,1,355,Philadelphia
88,103260196019,226970,117,1,,Washington
88,206560116025,234325,118,0,237,New York
88,103260196019,234326,118,0,237,New York
88,106560316039,234327,118,0,237,New York
88,106560456074,234328,118,0,237,New York
88,103260476047,234329,118,0,237,New York
88,106260487011,207362,179,1,355,Philadelphia
80,306260117011,212756,355,0,53,Chicago
80,306560117011,212757,355,0,53,Chicago
36921,312760117011,182235,232,1,245,New York
36921,312760117011,182246,234,1,245,New York
36921,312760117011,182283,244,1,245,New York
42951,312760117011,182346,307,1,256,St. Louis
54,312760117011,182361,341,0,19,Milwaukee
54,312760117011,182362,342,1,20,Chicago
54,300260117011,182363,343,0,19,Milwaukee
56,312760117011,182412,392,0,121,Chicago
56,312760117011,182413,393,1,122,Carbondale
60,312760117011,182559,500,0,290,Seattle
60,312760117011,182563,502,0,290,Seattle
60,312760117011,182566,505,1,293,Portland
42954,312760117011,207656,5874,1,,Los Angeles
61,306260117011,183047,680,1,153,Boston
95,312760117011,183130,69,0,4,Montreal
60,312760117011,183567,511,1,293,Portland
88,106260487011,210476,196,0,237,New York
88,206260116016,210472,196,0,237,New York
88,106260206044,210474,196,0,237,New York
88,106260487011,210569,192,0,237,New York
69,112760987011,210576,90,0,104,New York
88,206260116016,210565,192,0,237,New York
88,106260206044,210567,192,0,237,New York
69,212760116097,210575,90,0,104,New York
60,312760117011,228075,516,0,375,Vancouver
60,312760117011,228076,518,0,291,Vancouver
60,312760117011,228077,519,1,297,Seattle
60,312760117011,228078,517,1,372,Portland
84,306260117011,228029,527,0,230,San Jose
42954,307460117011,183940,4050,1,,Richmond
42954,307460117011,183941,4051,0,,Charlottesville
42954,312760117011,183990,5604,0,,Bellingham
42954,312760117011,183991,5605,1,,Seattle
42954,312760117011,183998,5622,0,,Bellingham
42954,312760117011,183999,5677,1,,Seattle
42954,312760117011,184033,5885,0,,Fresno
42933,312760117011,184043,6005,1,,Fraser
42933,312760117011,184044,6006,1,,Fraser
42954,312760117011,184046,6022,0,,Longview
42954,312760117011,184047,6048,1,,Toledo
42954,306560117011,184053,6065,1,,Virginia Beach
42954,306260117011,184056,6067,1,,Virginia Beach
42954,306560117011,184060,6087,0,,Newport News
42954,306560117011,184094,6099,1,,Virginia Beach
42954,312760117011,184096,6122,0,,Longview
42954,306560117011,184101,6124,0,,Newport News
42954,306560117011,184113,6158,0,,Norfolk
42954,306560117011,184154,6187,1,,Virginia Beach
42933,312760117011,184166,6205,1,,Winter Park
42933,312760117011,184167,6206,1,,Winter Park
40751,306560117011,228139,2252,0,327,Boston
40751,103260196019,228141,2252,0,327,Boston
40751,103260476047,228142,2252,0,327,Boston
42954,312760117011,228161,4101,0,,San Jose
42954,312760117011,228162,4102,1,,Merced
42920,312760117011,185343,8904,0,,Newton
42954,306560117011,185450,6255,1,,Providence
42954,306260117011,185451,6255,1,,Providence
42954,306560117011,185452,6256,0,,Worcester
42954,306260117011,185453,6256,0,,Worcester
42954,306560117011,185454,6257,1,,Providence
42954,306260117011,185455,6257,1,,Providence
42954,306460117011,185456,6258,0,,Worcester
42954,306260117011,185457,6258,0,,Worcester
42954,300160117011,185458,6258,0,,Worcester
42954,306260117011,185459,6259,1,,Providence
42954,300160117011,185460,6259,1,,Providence
42954,306460117011,185461,6259,1,,Providence
42954,306260117011,185462,6260,0,,Worcester
42954,306560117011,185463,6260,0,,Worcester
42954,312760117011,185475,3768,1,,Stockton
